tdoa12,tdoa21,snr_an1,power_dif_an1,snr_an2,power_dif_an2,an1_rx_snr,an1_rx_powerdif,an1_tof,an2_rx_snr,an2_rx_powerdif,an2_tof
-0.18767055869102478,0.14544467628002167,179.5,10.395736694335938,116.07142639160156,13.190826416015625,140.60000610351562,12.662178039550781,5.056036472320557,102.95833587646484,12.22381591796875,5.065420150756836
-0.18767055869102478,0.16890349984169006,148.07142639160156,10.035301208496094,116.07142639160156,13.190826416015625,143.14999389648438,12.850227355957031,5.037269592285156,122.44999694824219,11.972183227539062,5.027885913848877
-0.16890349984169006,0.19705408811569214,182.0,10.383697509765625,149.6666717529297,13.121376037597656,149.64999389648438,12.61199951171875,5.0701117515563965,141.75,11.258262634277344,5.065420150756836
-0.19705408811569214,0.17828702926635742,139.57142639160156,10.035995483398438,125.60713958740234,13.030059814453125,140.25,12.977622985839844,5.065420150756836,133.5500030517578,11.851783752441406,5.084187030792236
-0.20174585282802582,0.24866348505020142,151.10714721679688,9.541007995605469,141.5833282470703,13.098098754882812,140.25,12.977622985839844,5.065420150756836,127.9000015258789,12.015296936035156,5.037269592285156
-0.2064376175403595,0.15013644099235535,151.7857208251953,10.328079223632812,107.4375,12.636436462402344,120.75,12.793357849121094,5.037269592285156,146.5500030517578,11.536643981933594,5.046652793884277
-0.2064376175403595,0.15013644099235535,140.67857360839844,10.2542724609375,141.125,12.873641967773438,112.83333587646484,13.102882385253906,5.0325775146484375,143.3000030517578,11.890098571777344,5.027885913848877
-0.2064376175403595,0.17359526455402374,146.75,10.758445739746094,117.35713958740234,13.428924560546875,121.25,12.728286743164062,5.140488147735596,82.33333587646484,12.072761535644531,5.102953910827637
-0.2064376175403595,0.2252046763896942,159.75,9.819450378417969,142.0,13.043075561523438,135.9499969482422,12.659156799316406,5.051344871520996,113.66666412353516,11.980514526367188,5.027885913848877
-0.13136939704418182,0.23927995562553406,151.39285278320312,9.657508850097656,112.84375,13.176536560058594,93.75,12.814788818359375,5.084187030792236,113.66666412353516,11.980514526367188,5.027885913848877
-0.17359526455402374,0.09383527934551239,139.875,10.789985656738281,127.03571319580078,12.972831726074219,152.4499969482422,12.693984985351562,5.037269592285156,139.75,12.202926635742188,5.056036472320557
-0.17359526455402374,0.09383527934551239,139.875,10.789985656738281,147.1666717529297,13.069671630859375,133.39999389648438,12.982559204101562,5.046652793884277,122.91666412353516,11.835456848144531,5.041961193084717
-0.17359526455402374,0.17828702926635742,136.32142639160156,10.284202575683594,147.1666717529297,13.069671630859375,136.89999389648438,12.482032775878906,5.060728073120117,111.16666412353516,11.9942626953125,5.051344871520996
-0.19236232340335846,0.17828702926635742,123.59375,10.1771240234375,127.70833587646484,13.3349609375,117.19999694824219,12.789276123046875,5.098262310028076,153.0,12.067329406738281,5.135796546936035
-0.2064376175403595,0.2252046763896942,143.35714721679688,10.548011779785156,170.1999969482422,13.344314575195312,152.0,12.6612548828125,5.060728073120117,117.95833587646484,12.146659851074219,5.0701117515563965
-0.2064376175403595,0.16421173512935638,173.4166717529297,9.992469787597656,170.1999969482422,13.344314575195312,153.3000030517578,12.504997253417969,5.093570709228516,133.14999389648438,12.141494750976562,5.102953910827637
-0.2064376175403595,0.16421173512935638,173.4166717529297,9.992469787597656,95.17857360839844,13.397499084472656,125.95833587646484,12.449661254882812,5.098262310028076,121.875,11.829368591308594,5.112337589263916
-0.15482820570468903,0.12198586016893387,142.7142791748047,10.421775817871094,127.04166412353516,13.174797058105469,118.5,12.73699951171875,5.079495429992676,121.875,11.829368591308594,5.112337589263916
-0.16421173512935638,0.1829787939786911,122.5625,10.189216613769531,111.17857360839844,13.414901733398438,159.10000610351562,12.631088256835938,5.041961193084717,117.3499984741211,12.272041320800781,5.065420150756836
-0.16421173512935638,0.2298964411020279,179.5,10.482322692871094,108.46428680419922,10.050498962402344,98.875,13.103919982910156,5.102953910827637,103.375,11.906929016113281,5.079495429992676
-0.17828702926635742,0.23927995562553406,143.7142791748047,10.247032165527344,112.64286041259766,13.2735595703125,118.375,12.602958679199219,5.065420150756836,100.16666412353516,12.185165405273438,5.060728073120117
-0.17828702926635742,0.1126023381948471,150.10714721679688,10.081390380859375,146.9166717529297,13.189949035644531,124.58333587646484,12.708885192871094,5.088878631591797,135.0,11.671714782714844,5.093570709228516
-0.14544467628002167,0.2298964411020279,147.2142791748047,10.325469970703125,109.10713958740234,13.051170349121094,135.25,12.811813354492188,5.051344871520996,135.0,11.671714782714844,5.093570709228516
-0.21582114696502686,0.1829787939786911,158.32142639160156,9.968902587890625,146.4166717529297,13.13775634765625,155.35000610351562,12.578758239746094,5.051344871520996,103.5,12.296363830566406,5.093570709228516
-0.22051291167736053,0.20174585282802582,130.5357208251953,10.784912109375,121.5,12.787361145019531,115.5,12.813125610351562,5.093570709228516,111.83333587646484,11.716392517089844,5.056036472320557
-0.16421173512935638,0.1360611617565155,158.6666717529297,10.332595825195312,108.14286041259766,13.136497497558594,141.5,12.741546630859375,5.041961193084717,146.6999969482422,12.002456665039062,5.074803352355957
-0.16421173512935638,0.15482820570468903,174.625,10.314140319824219,108.14286041259766,13.136497497558594,141.5,12.741546630859375,5.041961193084717,146.6999969482422,12.002456665039062,5.074803352355957
-0.17828702926635742,0.1829787939786911,109.96875,10.360725402832031,98.625,12.831626892089844,142.89999389648438,12.689247131347656,5.098262310028076,79.33333587646484,12.200874328613281,5.074803352355957
-0.17828702926635742,0.2064376175403595,175.3333282470703,10.162521362304688,139.5416717529297,13.094985961914062,146.0500030517578,12.693244934082031,5.074803352355957,102.45833587646484,11.709014892578125,5.084187030792236
-0.2533552646636963,0.2064376175403595,175.3333282470703,10.162521362304688,143.2083282470703,13.076736450195312,155.0500030517578,12.568077087402344,5.079495429992676,100.75,12.2003173828125,5.079495429992676
-0.2533552646636963,0.22051291167736053,119.10713958740234,10.526947021484375,141.7916717529297,11.827507019042969,125.41666412353516,12.547752380371094,5.056036472320557,113.80000305175781,12.022674560546875,5.117029190063477
-0.2533552646636963,0.22051291167736053,119.10713958740234,10.526947021484375,128.0833282470703,13.419113159179688,188.3125,12.616050720214844,5.098262310028076,136.4499969482422,11.9088134765625,5.065420150756836
-0.2533552646636963,0.07506822049617767,136.5357208251953,10.413284301757812,126.35713958740234,13.046943664550781,136.0500030517578,12.805389404296875,5.065420150756836,119.19999694824219,11.78314208984375,5.037269592285156
-0.09383527934551239,0.2252046763896942,175.7083282470703,9.730369567871094,107.92857360839844,13.336692810058594,122.94999694824219,13.195289611816406,5.056036472320557,104.83333587646484,11.953689575195312,5.0701117515563965
-0.20174585282802582,0.14075292646884918,147.2857208251953,10.233856201171875,118.14286041259766,12.930458068847656,138.64999389648438,12.830001831054688,5.060728073120117,104.83333587646484,11.953689575195312,5.0701117515563965
-0.16421173512935638,0.1829787939786911,134.2857208251953,10.195732116699219,126.42857360839844,13.02587890625,113.0999984741211,13.18927001953125,5.060728073120117,131.0500030517578,11.973823547363281,5.065420150756836
-0.16421173512935638,0.1829787939786911,145.92857360839844,10.215538024902344,91.6875,12.584465026855469,130.7916717529297,12.323204040527344,5.060728073120117,129.10000610351562,12.019905090332031,5.065420150756836
-0.19705408811569214,0.042225874960422516,129.14285278320312,10.790336608886719,113.39286041259766,13.322555541992188,124.375,12.758415222167969,5.046652793884277,146.1999969482422,11.604507446289062,5.0701117515563965
-0.09852704405784607,0.19236232340335846,135.9642791748047,10.445564270019531,128.7142791748047,12.832321166992188,147.4499969482422,12.722244262695312,5.074803352355957,132.4499969482422,11.839973449707031,5.051344871520996
-0.09852704405784607,0.10321880877017975,143.92857360839844,10.374717712402344,128.7142791748047,12.832321166992188,139.25,12.548698425292969,5.056036472320557,132.4499969482422,11.839973449707031,5.051344871520996
-0.09852704405784607,0.10321880877017975,151.92857360839844,10.127639770507812,128.7142791748047,12.832321166992188,124.33333587646484,12.492660522460938,5.102953910827637,126.70833587646484,11.813652038574219,5.079495429992676
-0.09383527934551239,0.10321880877017975,156.9166717529297,10.449813842773438,150.0833282470703,12.866096496582031,155.0,12.738685607910156,5.084187030792236,126.70833587646484,11.813652038574219,5.079495429992676
-0.09383527934551239,0.10321880877017975,151.10714721679688,10.366012573242188,150.0833282470703,12.866096496582031,155.0,12.738685607910156,5.084187030792236,148.85000610351562,11.563911437988281,5.093570709228516
-0.21582114696502686,0.1829787939786911,128.85714721679688,10.459671020507812,97.82142639160156,13.188827514648438,134.89999389648438,12.622367858886719,5.088878631591797,130.6999969482422,12.072967529296875,5.056036472320557
-0.15482820570468903,0.14075292646884918,175.0,9.801612854003906,127.96428680419922,13.088127136230469,122.58333587646484,12.826545715332031,5.060728073120117,129.0,12.11468505859375,5.056036472320557
-0.14075292646884918,0.1595199704170227,149.39285278320312,10.062278747558594,144.125,13.3441162109375,121.16666412353516,12.575164794921875,5.060728073120117,129.0,12.11468505859375,5.056036472320557
-0.1126023381948471,0.07975998520851135,148.6666717529297,10.243873596191406,114.14286041259766,12.706985473632812,151.10000610351562,12.383842468261719,5.093570709228516,135.10000610351562,11.722305297851562,5.037269592285156
-0.1126023381948471,0.07975998520851135,148.6666717529297,10.243873596191406,119.82142639160156,12.61328125,146.5,12.384048461914062,5.074803352355957,101.0,11.622047424316406,5.098262310028076
-0.13136939704418182,0.16890349984169006,160.0,10.0433349609375,124.96428680419922,13.209716796875,127.125,12.5003662109375,5.079495429992676,120.29166412353516,11.780448913574219,5.088878631591797
-0.13136939704418182,0.14544467628002167,149.2142791748047,10.115005493164062,124.96428680419922,13.209716796875,119.375,12.533882141113281,5.093570709228516,128.75,11.503181457519531,5.056036472320557
-0.26743054389953613,0.14544467628002167,149.2142791748047,10.115005493164062,148.2083282470703,13.006370544433594,127.5,12.518913269042969,5.060728073120117,121.54166412353516,11.623985290527344,5.046652793884277
-0.24866348505020142,0.2580470144748688,130.84375,10.209228515625,141.8333282470703,13.027458190917969,127.5,12.518913269042969,5.060728073120117,121.54166412353516,11.623985290527344,5.046652793884277
-0.24866348505020142,0.24866348505020142,165.8333282470703,10.3255615234375,125.92857360839844,13.265914916992188,123.41666412353516,12.36639404296875,5.060728073120117,145.64999389648438,11.805908203125,5.060728073120117
-0.1595199704170227,0.1360611617565155,153.75,10.087570190429688,131.0416717529297,13.246337890625,153.8000030517578,12.317710876464844,5.084187030792236,145.64999389648438,11.805908203125,5.060728073120117
-0.1595199704170227,0.16890349984169006,176.0416717529297,9.89019775390625,141.7083282470703,12.969131469726562,106.54166412353516,12.960960388183594,5.112337589263916,94.0999984741211,11.990234375,5.1076459884643555
-0.1595199704170227,0.17828702926635742,118.53125,10.466445922851562,141.7083282470703,12.969131469726562,139.0,12.85357666015625,5.037269592285156,97.95833587646484,11.994667053222656,5.056036472320557
-0.1360611617565155,0.17828702926635742,118.53125,10.466445922851562,115.42857360839844,13.219329833984375,102.5,12.581756591796875,5.060728073120117,107.625,12.075187683105469,5.037269592285156
-0.2064376175403595,0.12667763233184814,150.14285278320312,9.997467041015625,82.33333587646484,13.273391723632812,111.33333587646484,12.866363525390625,5.046652793884277,135.14999389648438,12.079536437988281,5.041961193084717
-0.1126023381948471,0.20174585282802582,152.2857208251953,9.94927978515625,109.82142639160156,9.73028564453125,147.60000610351562,12.803123474121094,5.046652793884277,124.20833587646484,11.574447631835938,5.093570709228516
-0.16421173512935638,0.09383527934551239,178.25,9.996849060058594,147.875,12.995903015136719,111.33333587646484,12.565826416015625,5.079495429992676,117.79166412353516,11.716438293457031,5.018502235412598
-0.16421173512935638,0.09383527934551239,152.82142639160156,9.542953491210938,145.75,13.10662841796875,148.5500030517578,12.644966125488281,5.046652793884277,114.80000305175781,11.960090637207031,5.084187030792236
-0.14544467628002167,0.15482820570468903,153.07142639160156,9.905426025390625,108.34375,12.982048034667969,121.25,12.808937072753906,5.079495429992676,144.39999389648438,11.962043762207031,5.074803352355957
-0.14544467628002167,0.15482820570468903,141.67857360839844,10.229087829589844,108.34375,12.982048034667969,136.5500030517578,12.757423400878906,5.079495429992676,82.75,12.333030700683594,5.051344871520996
-0.14544467628002167,0.15482820570468903,119.97222137451172,9.746017456054688,108.34375,12.982048034667969,129.2916717529297,12.525215148925781,5.060728073120117,82.75,12.333030700683594,5.051344871520996
-0.23458820581436157,0.15482820570468903,169.625,9.99420166015625,125.75,13.471794128417969,93.21428680419922,12.754547119140625,5.0701117515563965,97.19999694824219,12.126487731933594,5.088878631591797
-0.1360611617565155,0.21112938225269318,133.90625,9.814971923828125,124.28571319580078,13.134490966796875,105.29166412353516,12.924781799316406,5.084187030792236,100.58333587646484,11.995086669921875,5.041961193084717
-0.22051291167736053,0.13136939704418182,159.8333282470703,10.139022827148438,144.625,13.203041076660156,132.8333282470703,12.811721801757812,5.074803352355957,135.1999969482422,12.122505187988281,5.074803352355957
-0.10321880877017975,0.13136939704418182,159.8333282470703,10.139022827148438,130.75,13.135169982910156,155.8000030517578,12.551368713378906,5.117029190063477,119.91666412353516,11.9530029296875,5.098262310028076
-0.10321880877017975,0.19236232340335846,131.875,9.905937194824219,129.625,13.189315795898438,148.85000610351562,12.469429016113281,5.079495429992676,119.91666412353516,11.9530029296875,5.098262310028076
-0.16890349984169006,0.19236232340335846,131.875,9.905937194824219,90.03125,13.054595947265625,113.5,12.694816589355469,5.0701117515563965,120.94999694824219,12.06585693359375,5.098262310028076
-0.1360611617565155,0.15013644099235535,131.10714721679688,10.127105712890625,136.0416717529297,12.913825988769531,147.14999389648438,12.381019592285156,5.079495429992676,139.9499969482422,11.67926025390625,5.084187030792236
-0.1360611617565155,0.1829787939786911,139.75,10.356742858886719,144.2083282470703,13.127166748046875,145.14999389648438,12.608901977539062,5.074803352355957,109.83333587646484,11.993782043457031,5.060728073120117
-0.1360611617565155,0.1829787939786911,149.64285278320312,9.701400756835938,95.375,10.189689636230469,137.60000610351562,12.53472900390625,5.051344871520996,109.83333587646484,11.993782043457031,5.060728073120117
-0.10791057348251343,0.11729410290718079,134.5357208251953,10.097892761230469,137.0416717529297,12.690963745117188,136.8000030517578,12.651008605957031,5.084187030792236,150.10000610351562,11.932533264160156,5.126412868499756
-0.1126023381948471,0.10321880877017975,140.07142639160156,10.122932434082031,125.33333587646484,12.56256103515625,105.625,12.704910278320312,5.046652793884277,115.20833587646484,12.133926391601562,5.046652793884277
-0.08445174992084503,0.1829787939786911,110.75,11.061843872070312,142.875,12.930770874023438,105.625,12.704910278320312,5.046652793884277,144.60000610351562,11.883201599121094,5.051344871520996
-0.26273879408836365,0.2252046763896942,175.2916717529297,10.383659362792969,114.85713958740234,12.819511413574219,134.3000030517578,12.469490051269531,5.0701117515563965,140.35000610351562,11.83135986328125,5.037269592285156
-0.18767055869102478,0.2252046763896942,175.2916717529297,10.383659362792969,103.92857360839844,13.109748840332031,134.3000030517578,12.469490051269531,5.0701117515563965,132.5500030517578,11.925575256347656,5.046652793884277
-0.14075292646884918,0.09383527934551239,105.61111450195312,10.023719787597656,127.89286041259766,13.011962890625,152.6999969482422,12.806060791015625,5.121721267700195,148.35000610351562,11.581428527832031,5.074803352355957
-0.07975998520851135,0.18767055869102478,157.2916717529297,10.2017822265625,121.60713958740234,13.174636840820312,152.6999969482422,12.806060791015625,5.121721267700195,128.5500030517578,11.775489807128906,5.088878631591797
-0.16421173512935638,0.08914351463317871,146.82142639160156,9.931686401367188,146.125,13.522270202636719,142.6999969482422,12.912345886230469,5.079495429992676,151.8000030517578,12.178085327148438,5.074803352355957
-0.16421173512935638,0.17359526455402374,131.92857360839844,10.122047424316406,146.125,13.522270202636719,109.54166412353516,12.679496765136719,5.093570709228516,151.8000030517578,12.178085327148438,5.074803352355957
-0.14075292646884918,0.14544467628002167,133.82142639160156,10.119911193847656,134.125,13.44482421875,151.0500030517578,12.511390686035156,5.056036472320557,120.33333587646484,3.768310546875,5.0701117515563965
-0.11729410290718079,0.14544467628002167,133.82142639160156,10.119911193847656,139.0833282470703,12.908683776855469,147.89999389648438,12.700653076171875,5.060728073120117,120.33333587646484,3.768310546875,5.0701117515563965
-0.11729410290718079,0.14544467628002167,133.82142639160156,10.119911193847656,113.59375,13.095497131347656,146.89999389648438,12.622085571289062,5.060728073120117,151.14999389648438,11.818069458007812,5.0701117515563965
-0.11729410290718079,0.1829787939786911,109.28571319580078,10.910957336425781,136.125,12.818550109863281,149.35000610351562,12.500923156738281,5.079495429992676,123.4000015258789,12.333625793457031,5.065420150756836
-0.12667763233184814,0.1126023381948471,150.57142639160156,10.166343688964844,126.53571319580078,13.006401062011719,116.25,12.713394165039062,5.027885913848877,107.79166412353516,11.83355712890625,5.060728073120117
-0.12667763233184814,0.13136939704418182,148.57142639160156,10.284950256347656,152.3333282470703,13.336639404296875,128.39999389648438,12.754600524902344,5.079495429992676,109.0,12.284194946289062,5.121721267700195
-0.12667763233184814,0.16421173512935638,149.7857208251953,10.097625732421875,127.67857360839844,13.119667053222656,134.25,12.8111572265625,5.1076459884643555,143.0500030517578,11.910728454589844,5.088878631591797
-0.14075292646884918,0.23927995562553406,112.25,10.573814392089844,145.7916717529297,13.153076171875,156.75,12.535415649414062,5.0701117515563965,115.5,11.867813110351562,5.065420150756836
-0.19705408811569214,0.13136939704418182,151.2142791748047,10.244468688964844,147.2083282470703,9.525169372558594,146.5,12.645332336425781,5.084187030792236,140.60000610351562,12.063591003417969,5.093570709228516
-0.12198586016893387,0.13136939704418182,151.2142791748047,10.244468688964844,106.75,13.145965576171875,148.25,12.753791809082031,5.074803352355957,147.89999389648438,11.741874694824219,5.074803352355957
-0.09852704405784607,0.1126023381948471,144.17857360839844,10.205299377441406,167.8000030517578,13.443878173828125,131.75,12.911277770996094,5.088878631591797,147.89999389648438,11.741874694824219,5.074803352355957
-0.17359526455402374,0.14075292646884918,150.5357208251953,9.859794616699219,150.4583282470703,13.226058959960938,131.75,12.911277770996094,5.088878631591797,99.30000305175781,12.067466735839844,5.112337589263916
-0.24866348505020142,0.23927995562553406,125.64286041259766,10.631301879882812,103.39286041259766,13.524101257324219,127.5999984741211,13.090339660644531,5.079495429992676,147.89999389648438,11.732009887695312,5.112337589263916
-0.19236232340335846,0.12198586016893387,180.6666717529297,10.145133972167969,140.8333282470703,13.314567565917969,148.64999389648438,12.586517333984375,5.065420150756836,148.60000610351562,12.312538146972656,5.079495429992676
-0.13136939704418182,0.13136939704418182,154.6666717529297,10.175666809082031,142.5833282470703,13.202659606933594,102.79166412353516,7.159278869628906,5.056036472320557,114.83333587646484,11.974212646484375,5.041961193084717
-0.17359526455402374,0.2064376175403595,142.67857360839844,10.5335693359375,133.5416717529297,13.224586486816406,118.41666412353516,12.630783081054688,5.051344871520996,113.0,11.941513061523438,5.041961193084717
-0.272122323513031,0.21112938225269318,135.5357208251953,10.496238708496094,126.21428680419922,13.032752990722656,145.5500030517578,12.518829345703125,5.0701117515563965,133.35000610351562,11.816581726074219,5.065420150756836
-0.272122323513031,0.21112938225269318,135.5357208251953,10.496238708496094,126.21428680419922,13.032752990722656,145.5500030517578,12.518829345703125,5.0701117515563965,133.1999969482422,12.022590637207031,5.046652793884277
-0.272122323513031,0.21112938225269318,144.7857208251953,10.415519714355469,126.21428680419922,13.032752990722656,132.6999969482422,12.840530395507812,5.056036472320557,135.25,12.03802490234375,5.060728073120117
-0.12198586016893387,0.12198586016893387,168.9166717529297,10.406570434570312,112.90625,12.891380310058594,118.54166412353516,12.634307861328125,5.056036472320557,135.25,12.03802490234375,5.060728073120117
-0.10791057348251343,0.09852704405784607,140.25,10.681861877441406,120.96428680419922,12.86053466796875,152.9499969482422,12.691177368164062,5.060728073120117,145.85000610351562,11.828704833984375,5.065420150756836
-0.08445174992084503,0.042225874960422516,148.5,10.270866394042969,119.35713958740234,13.01361083984375,131.375,12.800743103027344,5.102953910827637,146.9499969482422,11.754623413085938,5.084187030792236
-0.08445174992084503,0.23458820581436157,175.6666717529297,10.077568054199219,119.35713958740234,13.01361083984375,131.375,12.800743103027344,5.102953910827637,180.6875,11.708053588867188,5.102953910827637
-0.24866348505020142,0.15482820570468903,141.7857208251953,10.349624633789062,137.9166717529297,12.911537170410156,152.8000030517578,12.553115844726562,5.056036472320557,123.08333587646484,11.784660339355469,5.065420150756836
-0.24866348505020142,0.07506822049617767,136.0,10.13970947265625,76.0,8.795578002929688,153.3000030517578,12.697914123535156,5.079495429992676,122.625,11.820777893066406,5.0701117515563965
-0.24866348505020142,0.30965641140937805,156.4642791748047,9.782279968261719,119.60713958740234,13.115486145019531,116.125,12.07354736328125,5.0701117515563965,119.91666412353516,12.013984680175781,5.074803352355957
-0.26273879408836365,0.19705408811569214,123.85713958740234,10.329231262207031,122.70833587646484,13.297172546386719,145.5500030517578,12.552337646484375,5.027885913848877,121.25,12.009552001953125,5.051344871520996
-0.10791057348251343,0.14544467628002167,158.8333282470703,10.293838500976562,121.53571319580078,13.108474731445312,125.375,12.533599853515625,5.027885913848877,121.25,12.009552001953125,5.051344871520996
-0.18767055869102478,0.14544467628002167,158.8333282470703,10.293838500976562,96.46875,12.770622253417969,126.45833587646484,12.599525451660156,5.027885913848877,124.08333587646484,11.953781127929688,5.117029190063477
-0.14544467628002167,0.13136939704418182,147.60714721679688,10.075302124023438,145.25,12.805183410644531,146.14999389648438,12.571517944335938,5.051344871520996,99.20833587646484,11.824363708496094,5.0701117515563965
-0.18767055869102478,0.23927995562553406,135.57142639160156,10.617813110351562,107.85713958740234,13.036026000976562,150.64999389648438,12.653724670410156,5.0701117515563965,145.1999969482422,11.80999755859375,5.056036472320557
-0.18767055869102478,0.23927995562553406,173.0,10.166229248046875,107.85713958740234,13.036026000976562,108.41666412353516,12.904029846191406,5.041961193084717,145.1999969482422,11.80999755859375,5.056036472320557
-0.18767055869102478,0.23927995562553406,173.0,10.166229248046875,105.17857360839844,13.396759033203125,108.41666412353516,12.904029846191406,5.041961193084717,96.04166412353516,11.969863891601562,5.051344871520996
-0.16890349984169006,0.18767055869102478,130.5,9.671676635742188,111.75,13.401649475097656,132.25,12.938087463378906,5.056036472320557,101.25,11.988014221191406,5.093570709228516
-0.22051291167736053,0.20174585282802582,156.17857360839844,10.233604431152344,124.54166412353516,13.217674255371094,112.20833587646484,12.889442443847656,5.088878631591797,146.60000610351562,11.992568969726562,5.088878631591797
-0.15013644099235535,0.17359526455402374,170.0833282470703,10.04547119140625,124.39286041259766,12.885391235351562,149.35000610351562,12.612800598144531,5.088878631591797,137.75,11.966239929199219,5.065420150756836
-0.12198586016893387,0.14544467628002167,117.17857360839844,10.955307006835938,119.95833587646484,12.986602783203125,128.75,12.539146423339844,5.060728073120117,137.75,11.966239929199219,5.065420150756836
-0.21582114696502686,0.14544467628002167,153.7142791748047,10.2388916015625,182.4499969482422,12.921318054199219,147.85000610351562,12.77532958984375,5.084187030792236,116.33333587646484,11.618003845214844,5.060728073120117
-0.11729410290718079,0.1829787939786911,130.1666717529297,10.84808349609375,80.75,12.908058166503906,127.25,11.800567626953125,5.056036472320557,119.0,12.304878234863281,5.056036472320557
-0.09383527934551239,0.060992930084466934,120.78125,10.86212158203125,114.0625,1.2260055541992188,155.10000610351562,12.542259216308594,5.135796546936035,96.41666412353516,11.729362487792969,5.135796546936035
-0.12667763233184814,0.07975998520851135,117.3125,10.055328369140625,142.25,13.061782836914062,115.05000305175781,13.018646240234375,5.074803352355957,102.66666412353516,11.930099487304688,5.0701117515563965
-0.1829787939786911,0.14544467628002167,155.14285278320312,9.832160949707031,141.625,12.657562255859375,129.9166717529297,12.71722412109375,5.060728073120117,121.25,12.191078186035156,5.065420150756836
-0.15013644099235535,0.15482820570468903,142.4642791748047,10.437393188476562,108.67857360839844,13.339569091796875,114.25,12.705329895019531,5.060728073120117,153.0500030517578,11.869331359863281,5.102953910827637
-0.15013644099235535,0.17359526455402374,150.2857208251953,9.825408935546875,148.875,13.321464538574219,114.25,12.705329895019531,5.060728073120117,111.54166412353516,11.869857788085938,5.046652793884277
-0.08914351463317871,0.16890349984169006,176.25,9.760627746582031,134.1666717529297,12.7930908203125,149.89999389648438,12.733734130859375,5.046652793884277,110.625,12.224380493164062,5.051344871520996
-0.08914351463317871,0.11729410290718079,126.96428680419922,10.462997436523438,110.59375,12.879486083984375,144.6999969482422,12.790176391601562,5.112337589263916,125.25,11.897903442382812,5.074803352355957
-0.17359526455402374,0.10321880877017975,130.9375,9.876472473144531,130.17857360839844,12.980209350585938,144.6999969482422,12.790176391601562,5.112337589263916,115.45833587646484,12.581100463867188,5.0701117515563965
-0.17359526455402374,0.10321880877017975,130.9375,9.876472473144531,146.0416717529297,13.123725891113281,127.04166412353516,12.873382568359375,5.098262310028076,105.75,12.029876708984375,5.0701117515563965
-0.22051291167736053,0.19705408811569214,169.35000610351562,10.484573364257812,92.375,13.220268249511719,123.41666412353516,12.740119934082031,5.065420150756836,105.75,12.029876708984375,5.0701117515563965
-0.14544467628002167,0.19236232340335846,142.57142639160156,10.412513732910156,115.53571319580078,12.975181579589844,135.14999389648438,13.136672973632812,5.065420150756836,147.6999969482422,12.264373779296875,5.051344871520996
-0.14544467628002167,0.15013644099235535,137.25,10.1646728515625,115.53571319580078,12.975181579589844,132.3000030517578,13.064285278320312,5.056036472320557,123.625,11.8585205078125,5.065420150756836
-0.14544467628002167,0.13136939704418182,134.2857208251953,10.57745361328125,98.0,13.081855773925781,126.70833587646484,12.835624694824219,5.088878631591797,109.5,11.870750427246094,5.079495429992676
-0.17359526455402374,0.16421173512935638,127.32142639160156,10.151908874511719,114.78571319580078,13.173568725585938,108.04166412353516,13.105499267578125,5.0701117515563965,117.125,12.013267517089844,5.074803352355957
-0.14544467628002167,0.09383527934551239,160.4583282470703,10.3897705078125,112.17857360839844,13.138572692871094,137.14999389648438,12.749160766601562,5.065420150756836,136.10000610351562,11.962409973144531,5.065420150756836
-0.14544467628002167,0.22051291167736053,138.5625,10.290618896484375,103.59375,13.107200622558594,141.14999389648438,13.1033935546875,5.098262310028076,120.625,12.034332275390625,5.074803352355957
-0.21582114696502686,0.22051291167736053,138.5625,10.290618896484375,152.0416717529297,13.087203979492188,140.0500030517578,12.633232116699219,5.065420150756836,120.625,12.034332275390625,5.074803352355957
-0.07037646323442459,0.15482820570468903,138.0357208251953,10.513084411621094,143.5,13.384559631347656,111.25,12.723876953125,5.0701117515563965,93.75,11.033302307128906,5.065420150756836
-0.12667763233184814,0.07975998520851135,174.7916717529297,9.900665283203125,140.2916717529297,13.129173278808594,111.25,12.723876953125,5.0701117515563965,150.25,11.923599243164062,5.112337589263916
-0.060992930084466934,0.1126023381948471,133.14285278320312,10.330810546875,109.3125,13.149452209472656,192.9375,12.760658264160156,5.060728073120117,128.64999389648438,12.032516479492188,5.056036472320557
-0.08445174992084503,0.1360611617565155,140.25,10.176681518554688,145.9583282470703,12.636917114257812,126.54166412353516,12.564376831054688,5.0325775146484375,110.95833587646484,11.887649536132812,5.056036472320557
-0.07506822049617767,0.1360611617565155,140.25,10.176681518554688,128.5357208251953,12.952003479003906,125.58333587646484,12.827545166015625,5.0325775146484375,146.1999969482422,11.985458374023438,5.074803352355957
-0.19705408811569214,0.13136939704418182,152.5,10.497398376464844,123.03571319580078,12.862701416015625,114.375,12.943977355957031,5.060728073120117,145.5500030517578,11.842155456542969,5.079495429992676
-0.15482820570468903,0.17359526455402374,141.2142791748047,10.139022827148438,130.42857360839844,13.109375,114.375,12.943977355957031,5.060728073120117,151.25,12.099617004394531,5.065420150756836
-0.17359526455402374,0.17359526455402374,141.2142791748047,10.139022827148438,123.25,13.274520874023438,142.25,12.9769287109375,5.060728073120117,151.25,12.099617004394531,5.065420150756836
-0.19705408811569214,0.19705408811569214,132.125,10.042594909667969,141.375,13.232139587402344,142.25,12.9769287109375,5.060728073120117,144.60000610351562,11.951972961425781,5.065420150756836
-0.19705408811569214,0.2298964411020279,100.83333587646484,9.936080932617188,138.4166717529297,12.982803344726562,158.5500030517578,12.682838439941406,5.065420150756836,137.6999969482422,12.045112609863281,5.065420150756836
-0.23927995562553406,0.30496466159820557,146.39285278320312,9.803245544433594,142.0416717529297,13.133766174316406,128.14999389648438,12.647628784179688,5.051344871520996,115.95833587646484,11.926521301269531,5.074803352355957
-0.23927995562553406,0.24866348505020142,162.32142639160156,9.810371398925781,142.0416717529297,13.133766174316406,128.14999389648438,12.647628784179688,5.051344871520996,112.75,12.136077880859375,5.046652793884277
-0.26743054389953613,0.15482820570468903,118.5,10.263275146484375,148.7916717529297,13.291885375976562,133.5500030517578,12.589912414550781,5.065420150756836,101.0,12.273147583007812,5.065420150756836
-0.16421173512935638,0.2064376175403595,129.78125,9.857345581054688,131.5416717529297,13.167617797851562,135.85000610351562,12.825828552246094,5.056036472320557,122.625,12.289779663085938,5.056036472320557
-0.18767055869102478,0.2064376175403595,129.78125,9.857345581054688,105.625,13.011756896972656,118.0,13.037384033203125,5.046652793884277,141.5500030517578,11.943511962890625,5.037269592285156
-0.18767055869102478,0.1595199704170227,137.0,10.186012268066406,149.1666717529297,13.303665161132812,118.0,13.037384033203125,5.046652793884277,141.5500030517578,11.943511962890625,5.037269592285156
-0.16890349984169006,0.1595199704170227,137.0,10.186012268066406,119.375,13.372566223144531,116.58333587646484,12.967910766601562,5.046652793884277,110.0,12.141120910644531,5.051344871520996
-0.16890349984169006,0.2064376175403595,149.75,10.113327026367188,103.6875,12.801788330078125,151.1999969482422,12.478759765625,5.079495429992676,110.0,12.141120910644531,5.051344871520996
-0.1360611617565155,0.14544467628002167,129.75,10.523796081542969,138.5833282470703,13.182228088378906,130.125,12.443916320800781,5.088878631591797,100.125,12.110015869140625,5.074803352355957
-0.1360611617565155,0.14544467628002167,133.375,9.343772888183594,138.5833282470703,13.182228088378906,150.0,12.442359924316406,5.074803352355957,106.16666412353516,12.116279602050781,5.051344871520996
-0.1360611617565155,0.14544467628002167,133.375,9.343772888183594,138.5833282470703,13.182228088378906,150.0,12.442359924316406,5.074803352355957,106.16666412353516,12.116279602050781,5.051344871520996
-0.1360611617565155,0.06568469852209091,135.60714721679688,10.001106262207031,144.125,13.161903381347656,141.35000610351562,12.831085205078125,5.0325775146484375,113.54166412353516,12.170341491699219,5.060728073120117
-0.1360611617565155,0.060992930084466934,147.64285278320312,9.5179443359375,136.5416717529297,12.612030029296875,149.39999389648438,12.551071166992188,5.088878631591797,150.85000610351562,11.981559753417969,5.074803352355957
-0.1360611617565155,0.14544467628002167,141.92857360839844,10.016166687011719,115.78571319580078,13.171218872070312,122.6500015258789,13.135231018066406,5.074803352355957,153.14999389648438,11.954940795898438,5.088878631591797
-0.19705408811569214,0.1360611617565155,151.07142639160156,10.3121337890625,128.4642791748047,13.01666259765625,116.82142639160156,12.798042297363281,5.135796546936035,136.10000610351562,12.201728820800781,5.074803352355957
-0.16890349984169006,0.1360611617565155,116.90625,10.18414306640625,130.2916717529297,13.345870971679688,117.5999984741211,13.206573486328125,5.056036472320557,118.91666412353516,11.952888488769531,5.074803352355957
-0.16890349984169006,0.22051291167736053,135.0357208251953,10.723922729492188,130.2916717529297,13.345870971679688,146.35000610351562,12.728866577148438,5.0701117515563965,121.54166412353516,12.004356384277344,5.046652793884277
-0.17828702926635742,0.1595199704170227,146.0833282470703,10.445831298828125,108.89286041259766,13.1778564453125,120.625,12.570442199707031,5.0701117515563965,146.0,11.849601745605469,5.117029190063477
-0.15482820570468903,0.22051291167736053,147.7857208251953,9.828407287597656,147.0833282470703,13.293731689453125,152.35000610351562,12.703201293945312,5.112337589263916,110.41666412353516,12.147415161132812,5.084187030792236
-0.1126023381948471,0.14075292646884918,168.0416717529297,9.650550842285156,103.78571319580078,13.461502075195312,152.35000610351562,12.691169738769531,5.060728073120117,133.8000030517578,12.110099792480469,5.056036472320557
-0.1126023381948471,0.11729410290718079,160.4583282470703,10.126205444335938,103.78571319580078,13.461502075195312,134.5,12.953018188476562,5.051344871520996,108.91666412353516,11.921417236328125,5.084187030792236
-0.1126023381948471,0.11729410290718079,160.4583282470703,10.126205444335938,122.96428680419922,13.003211975097656,107.79166412353516,12.488212585449219,5.1076459884643555,150.5500030517578,11.880233764648438,5.121721267700195
-0.19236232340335846,0.13136939704418182,174.8333282470703,9.845863342285156,151.25,12.964111328125,123.6500015258789,12.944343566894531,5.056036472320557,128.7916717529297,11.861297607421875,5.098262310028076
-0.2252046763896942,0.18767055869102478,216.0,9.829750061035156,107.21875,13.109474182128906,140.5625,13.216178894042969,5.074803352355957,106.0,12.194129943847656,5.051344871520996
-0.16890349984169006,0.19705408811569214,144.85714721679688,9.89202880859375,114.21428680419922,13.278800964355469,148.0,13.140533447265625,5.121721267700195,146.6999969482422,11.866348266601562,5.135796546936035
-0.16890349984169006,0.15482820570468903,144.9166717529297,10.247077941894531,114.21428680419922,13.278800964355469,124.58333587646484,12.811592102050781,5.0325775146484375,136.0,12.185317993164062,5.0701117515563965
-0.13136939704418182,0.19705408811569214,136.0357208251953,10.586357116699219,106.625,13.097206115722656,104.20833587646484,12.938621520996094,5.074803352355957,105.875,12.008094787597656,5.051344871520996
-0.20174585282802582,0.11729410290718079,194.3000030517578,10.04095458984375,128.75,13.417617797851562,143.35000610351562,12.886390686035156,5.084187030792236,139.5,12.088447570800781,5.041961193084717
-0.15013644099235535,0.16421173512935638,131.9642791748047,10.247970581054688,107.78125,13.0640869140625,119.20833587646484,12.728187561035156,5.046652793884277,123.45833587646484,12.188766479492188,5.084187030792236
-0.15013644099235535,0.014075292274355888,149.2857208251953,9.920494079589844,62.41666793823242,3.644317626953125,153.60000610351562,12.672660827636719,5.074803352355957,120.95833587646484,12.211326599121094,5.074803352355957
-0.15013644099235535,0.33311524987220764,80.41666412353516,10.739112854003906,120.28571319580078,12.911911010742188,150.60000610351562,12.836402893066406,5.084187030792236,120.95833587646484,12.211326599121094,5.074803352355957
-0.15013644099235535,0.33311524987220764,149.39285278320312,9.8699951171875,120.28571319580078,12.911911010742188,119.54166412353516,12.7156982421875,5.074803352355957,135.0,11.863410949707031,5.051344871520996
-0.15013644099235535,0.33311524987220764,151.67857360839844,10.170654296875,97.8125,13.12640380859375,119.54166412353516,12.7156982421875,5.074803352355957,131.39999389648438,12.362464904785156,5.074803352355957
-0.13136939704418182,0.33311524987220764,151.9642791748047,10.039222717285156,113.53571319580078,12.687347412109375,105.29166412353516,13.130439758300781,5.074803352355957,111.95833587646484,12.354568481445312,5.051344871520996
-0.13136939704418182,0.07506822049617767,131.0357208251953,10.074913024902344,113.53571319580078,12.687347412109375,150.35000610351562,12.831695556640625,5.079495429992676,121.20833587646484,12.00592041015625,5.074803352355957
-0.03753411024808884,0.07506822049617767,150.67857360839844,9.688446044921875,109.35713958740234,13.03399658203125,127.33333587646484,12.939064025878906,5.060728073120117,149.10000610351562,12.111320495605469,5.065420150756836
-0.03753411024808884,0.1595199704170227,124.4375,10.301437377929688,131.25,12.768966674804688,81.25,13.061141967773438,5.060728073120117,99.89286041259766,12.254386901855469,5.065420150756836
-0.1595199704170227,0.1595199704170227,124.4375,10.301437377929688,108.07142639160156,13.317001342773438,92.25,12.928543090820312,5.117029190063477,111.375,12.052993774414062,5.098262310028076
-0.26743054389953613,0.2768140733242035,163.0,9.963363647460938,178.0500030517578,13.109634399414062,110.20833587646484,12.926490783691406,5.098262310028076,124.16666412353516,11.908187866210938,5.088878631591797
-0.2064376175403595,0.2768140733242035,163.0,9.963363647460938,105.84375,13.09857177734375,110.20833587646484,12.926490783691406,5.098262310028076,125.25,12.100982666015625,5.088878631591797
-0.21582114696502686,0.20174585282802582,151.7142791748047,10.071273803710938,119.71428680419922,13.007537841796875,123.875,12.752555847167969,5.084187030792236,125.25,12.100982666015625,5.088878631591797
-0.21582114696502686,0.20174585282802582,151.7142791748047,10.071273803710938,138.0,13.118919372558594,130.2916717529297,12.639015197753906,5.126412868499756,113.33333587646484,12.197402954101562,5.074803352355957
-0.2252046763896942,0.19705408811569214,154.5,9.87689208984375,124.42857360839844,13.704483032226562,147.14999389648438,12.774482727050781,5.079495429992676,113.33333587646484,12.197402954101562,5.074803352355957
-0.15482820570468903,0.19705408811569214,154.5,9.87689208984375,128.14285278320312,13.042259216308594,150.3000030517578,13.022872924804688,5.074803352355957,146.75,12.059707641601562,5.0701117515563965
-0.2298964411020279,0.17828702926635742,123.32142639160156,10.536697387695312,138.625,13.128028869628906,131.2916717529297,12.706398010253906,5.1076459884643555,124.6500015258789,12.2818603515625,5.088878631591797
-0.1595199704170227,0.22051291167736053,121.10713958740234,10.56414794921875,107.1875,12.988883972167969,121.58333587646484,12.660728454589844,5.0701117515563965,129.85000610351562,12.001502990722656,5.0701117515563965
-0.12198586016893387,0.11729410290718079,130.57142639160156,10.383247375488281,118.29166412353516,13.375885009765625,134.35000610351562,12.795928955078125,5.0701117515563965,127.55000305175781,12.015235900878906,5.046652793884277
-0.1360611617565155,0.11729410290718079,130.57142639160156,10.383247375488281,121.25,13.382904052734375,144.10000610351562,13.002372741699219,5.056036472320557,124.79166412353516,11.837783813476562,5.084187030792236
-0.1360611617565155,0.24397172033786774,146.67857360839844,10.155693054199219,126.67857360839844,12.930335998535156,118.94999694824219,13.030258178710938,5.117029190063477,124.79166412353516,11.837783813476562,5.084187030792236
-0.07037646323442459,0.10321880877017975,129.4642791748047,9.984039306640625,123.33333587646484,12.793869018554688,145.5500030517578,12.745071411132812,5.117029190063477,88.91666412353516,11.891128540039062,5.149871826171875
-0.13136939704418182,0.07975998520851135,121.71875,10.058952331542969,148.625,10.350807189941406,145.5500030517578,12.745071411132812,5.117029190063477,151.89999389648438,11.885574340820312,5.074803352355957
-0.13136939704418182,0.10791057348251343,145.07142639160156,9.939544677734375,126.54166412353516,13.276992797851562,116.0999984741211,12.731231689453125,5.088878631591797,126.45833587646484,11.959640502929688,5.074803352355957
-0.15013644099235535,0.19236232340335846,136.14285278320312,10.1214599609375,126.67857360839844,12.839813232421875,116.0999984741211,12.731231689453125,5.088878631591797,126.45833587646484,11.959640502929688,5.074803352355957
-0.15013644099235535,0.14544467628002167,147.39285278320312,9.658172607421875,107.07142639160156,12.682533264160156,129.35000610351562,12.708641052246094,5.159255027770996,120.69999694824219,11.671287536621094,5.093570709228516
-0.1829787939786911,0.07037646323442459,138.92857360839844,10.357688903808594,152.9499969482422,13.138816833496094,152.14999389648438,12.861968994140625,5.084187030792236,104.66666412353516,12.062606811523438,5.065420150756836
-0.08914351463317871,0.16421173512935638,148.67857360839844,10.319259643554688,131.75,10.220977783203125,156.60000610351562,12.675445556640625,5.056036472320557,132.60000610351562,12.152580261230469,5.065420150756836
-0.08914351463317871,0.16421173512935638,148.67857360839844,10.319259643554688,131.75,10.220977783203125,132.5,12.463523864746094,5.102953910827637,132.60000610351562,12.152580261230469,5.065420150756836
-0.08914351463317871,0.16421173512935638,136.57142639160156,10.048637390136719,131.75,10.220977783203125,156.14999389648438,12.468315124511719,5.126412868499756,137.60000610351562,12.013870239257812,5.0701117515563965
-0.08914351463317871,0.16421173512935638,136.57142639160156,10.048637390136719,110.34375,12.945732116699219,105.625,13.213272094726562,5.0701117515563965,99.91666412353516,12.071701049804688,5.060728073120117
-0.08914351463317871,0.16421173512935638,150.5,9.938194274902344,129.9166717529297,13.123619079589844,115.75,12.981208801269531,5.046652793884277,99.91666412353516,12.071701049804688,5.060728073120117
-0.1360611617565155,0.16421173512935638,119.4375,9.835800170898438,113.03571319580078,12.981246948242188,155.10000610351562,12.645782470703125,5.046652793884277,99.91666412353516,12.071701049804688,5.060728073120117
-0.1360611617565155,0.16421173512935638,119.4375,9.835800170898438,123.39286041259766,12.870712280273438,117.375,12.5556640625,5.046652793884277,114.29166412353516,12.264808654785156,5.051344871520996
-0.14075292646884918,0.16421173512935638,157.8333282470703,10.084716796875,132.5,12.653427124023438,146.3000030517578,6.6256866455078125,5.037269592285156,129.85000610351562,11.98114013671875,5.0325775146484375
-0.14075292646884918,0.09383527934551239,131.3125,9.826988220214844,132.5,12.653427124023438,144.75,12.639533996582031,5.051344871520996,95.29166412353516,12.171699523925781,5.102953910827637
-0.14075292646884918,0.1595199704170227,156.7083282470703,9.985198974609375,125.66666412353516,13.14471435546875,125.20833587646484,12.588829040527344,5.046652793884277,109.54166412353516,12.234809875488281,5.102953910827637
-0.23458820581436157,0.22051291167736053,170.25,9.370246887207031,117.57142639160156,13.081794738769531,131.1999969482422,12.093772888183594,5.046652793884277,125.33333587646484,11.947921752929688,5.079495429992676
-0.23458820581436157,0.22051291167736053,156.7083282470703,10.203224182128906,117.57142639160156,13.081794738769531,114.5,12.791862487792969,5.0701117515563965,107.41666412353516,12.050926208496094,5.084187030792236
-0.17359526455402374,0.22051291167736053,156.7083282470703,10.203224182128906,129.7142791748047,12.837203979492188,142.3000030517578,12.840003967285156,5.102953910827637,121.625,11.963958740234375,5.084187030792236
-0.19236232340335846,0.16890349984169006,149.7857208251953,9.31640625,128.2142791748047,13.182540893554688,137.64999389648438,13.043853759765625,5.079495429992676,122.45833587646484,12.013587951660156,5.098262310028076
-0.06568469852209091,0.17359526455402374,141.64285278320312,10.089439392089844,74.45833587646484,5.4622955322265625,160.0,12.776756286621094,5.093570709228516,120.04166412353516,12.058952331542969,5.079495429992676
-0.21112938225269318,0.2064376175403595,154.7857208251953,9.799293518066406,100.375,12.567344665527344,160.0,12.776756286621094,5.093570709228516,142.64999389648438,11.763473510742188,5.051344871520996
-0.21112938225269318,0.2064376175403595,154.7857208251953,9.799293518066406,119.89286041259766,13.407943725585938,144.8000030517578,12.909500122070312,5.023194313049316,142.64999389648438,11.763473510742188,5.051344871520996
-0.1595199704170227,0.17359526455402374,131.53125,10.203285217285156,106.14286041259766,13.221305847167969,127.54166412353516,12.852218627929688,5.051344871520996,134.0500030517578,12.186546325683594,5.060728073120117
-0.1595199704170227,0.1595199704170227,147.4642791748047,10.170272827148438,138.0833282470703,13.147544860839844,127.54166412353516,12.852218627929688,5.051344871520996,137.14999389648438,12.197738647460938,5.065420150756836
-0.12667763233184814,0.1360611617565155,145.17857360839844,9.93505859375,122.78571319580078,13.0101318359375,145.5500030517578,12.785026550292969,5.051344871520996,137.14999389648438,12.197738647460938,5.065420150756836
-0.12667763233184814,0.1360611617565155,170.7083282470703,9.793495178222656,122.78571319580078,13.0101318359375,151.14999389648438,12.554481506347656,5.112337589263916,122.125,11.879905700683594,5.1076459884643555
-0.14075292646884918,0.1360611617565155,170.7083282470703,9.793495178222656,128.0357208251953,12.930160522460938,150.0,12.7608642578125,5.051344871520996,120.80000305175781,12.394584655761719,5.065420150756836
-0.09383527934551239,0.07506822049617767,147.4642791748047,10.056861877441406,148.7083282470703,13.15087890625,127.58333587646484,12.781410217285156,5.051344871520996,93.66666412353516,12.174850463867188,5.0701117515563965
-0.17828702926635742,0.14544467628002167,135.7142791748047,10.242027282714844,139.9166717529297,12.598381042480469,117.0,12.674461364746094,5.074803352355957,105.70833587646484,12.023956298828125,5.079495429992676
-0.17359526455402374,0.14544467628002167,159.42857360839844,9.722198486328125,121.39286041259766,12.794570922851562,118.5,12.756996154785156,5.074803352355957,105.70833587646484,12.023956298828125,5.079495429992676
-0.17359526455402374,0.14544467628002167,128.78125,10.181777954101562,151.7083282470703,13.167045593261719,123.33333587646484,12.573844909667969,5.074803352355957,110.125,11.985076904296875,5.046652793884277
-0.12667763233184814,0.17359526455402374,144.14285278320312,9.886825561523438,114.25,13.044746398925781,117.91666412353516,12.774124145507812,5.037269592285156,115.70833587646484,12.049392700195312,5.056036472320557
-0.20174585282802582,0.1829787939786911,120.71428680419922,10.589744567871094,127.75,12.86248779296875,114.69999694824219,12.7574462890625,5.098262310028076,115.70833587646484,12.049392700195312,5.056036472320557
-0.21582114696502686,0.19705408811569214,119.97222137451172,9.809196472167969,120.53571319580078,13.213752746582031,126.0,12.916740417480469,5.0701117515563965,118.75,11.985763549804688,5.102953910827637
-0.1829787939786911,0.17828702926635742,155.9583282470703,10.190727233886719,118.32142639160156,12.947067260742188,143.60000610351562,12.975738525390625,5.074803352355957,118.75,11.985763549804688,5.102953910827637
-0.14075292646884918,0.12198586016893387,148.07142639160156,10.061668395996094,137.0,12.85009765625,150.64999389648438,12.617050170898438,5.056036472320557,135.0500030517578,12.31500244140625,5.0325775146484375
-0.09852704405784607,0.16421173512935638,168.0,9.958839416503906,134.4583282470703,12.677734375,132.0,12.917732238769531,5.056036472320557,146.9499969482422,11.862617492675781,5.056036472320557
-0.16890349984169006,0.12198586016893387,149.0357208251953,9.639076232910156,141.875,12.947189331054688,151.25,12.837814331054688,5.060728073120117,141.35000610351562,12.216323852539062,5.065420150756836
-0.1829787939786911,0.11729410290718079,130.85714721679688,10.500251770019531,121.71428680419922,12.593177795410156,135.8000030517578,13.006927490234375,5.093570709228516,117.1500015258789,12.101844787597656,5.074803352355957
-0.1360611617565155,0.17828702926635742,148.0357208251953,9.744194030761719,145.5416717529297,13.173110961914062,148.35000610351562,12.9029541015625,5.065420150756836,123.54166412353516,12.038009643554688,5.046652793884277
-0.1360611617565155,0.17828702926635742,148.0357208251953,9.744194030761719,145.5833282470703,13.0159912109375,149.4499969482422,12.806205749511719,5.060728073120117,117.5,11.989646911621094,5.060728073120117
-0.08914351463317871,0.16890349984169006,155.0,10.354141235351562,110.14286041259766,13.294364929199219,149.4499969482422,12.806205749511719,5.060728073120117,109.29166412353516,12.191802978515625,5.065420150756836
-0.1126023381948471,0.060992930084466934,166.625,10.172653198242188,129.7916717529297,13.147071838378906,155.6999969482422,12.629463195800781,5.074803352355957,115.25,12.059906005859375,5.088878631591797
-0.12667763233184814,0.13136939704418182,167.2083282470703,10.201766967773438,146.1666717529297,12.782211303710938,148.10000610351562,12.72906494140625,5.0701117515563965,113.875,12.053840637207031,5.065420150756836
-0.2298964411020279,0.14544467628002167,147.7142791748047,9.763809204101562,120.03571319580078,12.972908020019531,124.16666412353516,12.659034729003906,5.060728073120117,131.14999389648438,11.928237915039062,5.074803352355957
-0.1595199704170227,0.14544467628002167,152.10714721679688,10.04486083984375,123.92857360839844,13.122482299804688,134.1999969482422,13.131813049316406,5.079495429992676,96.75,12.449966430664062,5.117029190063477
-0.1829787939786911,0.12667763233184814,135.875,9.346061706542969,128.82142639160156,13.1527099609375,108.78571319580078,12.725425720214844,5.0701117515563965,103.5,12.047988891601562,5.060728073120117
-0.10791057348251343,0.17828702926635742,154.4166717529297,10.019447326660156,144.5416717529297,13.232315063476562,159.9499969482422,12.670555114746094,5.051344871520996,131.9499969482422,12.169792175292969,5.046652793884277
-0.10791057348251343,0.1126023381948471,152.2857208251953,9.579780578613281,144.5416717529297,13.232315063476562,120.95833587646484,12.706161499023438,5.051344871520996,120.75,12.1031494140625,5.0701117515563965
-0.10321880877017975,0.18767055869102478,154.39285278320312,9.476715087890625,144.2083282470703,13.378631591796875,112.66666412353516,13.057846069335938,5.046652793884277,138.10000610351562,12.038780212402344,5.0325775146484375
-0.26743054389953613,0.22051291167736053,155.7142791748047,10.22381591796875,152.75,13.201637268066406,112.66666412353516,13.057846069335938,5.046652793884277,113.44999694824219,12.335136413574219,5.117029190063477
-0.26743054389953613,0.22051291167736053,141.39285278320312,10.087242126464844,152.75,13.201637268066406,117.5,12.8323974609375,5.0701117515563965,116.25,11.741157531738281,5.084187030792236
-0.26743054389953613,0.22051291167736053,135.59375,9.69451904296875,152.75,13.201637268066406,117.16666412353516,12.872955322265625,5.060728073120117,83.96428680419922,11.93450927734375,5.117029190063477
-0.10791057348251343,0.16421173512935638,163.9583282470703,10.070426940917969,137.0416717529297,13.006179809570312,117.16666412353516,12.872955322265625,5.060728073120117,117.4000015258789,12.32611083984375,5.060728073120117
-0.10791057348251343,0.16890349984169006,152.57142639160156,9.658912658691406,126.4375,11.508811950683594,96.54166412353516,13.013076782226562,5.093570709228516,109.55000305175781,12.225448608398438,5.056036472320557
-0.1360611617565155,0.22051291167736053,153.75,9.7589111328125,146.5,12.873680114746094,96.54166412353516,13.013076782226562,5.093570709228516,119.125,12.06243896484375,5.084187030792236
-0.22051291167736053,0.22051291167736053,153.75,9.7589111328125,140.8333282470703,13.236976623535156,158.0,12.534843444824219,5.074803352355957,138.1999969482422,12.136245727539062,5.060728073120117
-0.12198586016893387,0.17359526455402374,109.6500015258789,9.564407348632812,113.3125,13.004661560058594,134.9499969482422,12.86016845703125,5.046652793884277,138.39999389648438,11.73443603515625,5.060728073120117
-0.12198586016893387,0.051609404385089874,169.4583282470703,9.515609741210938,134.1666717529297,13.090431213378906,126.95833587646484,12.661483764648438,5.0701117515563965,141.5500030517578,11.775100708007812,5.093570709228516
-0.1595199704170227,0.17359526455402374,174.2083282470703,9.979827880859375,108.5,13.217987060546875,126.95833587646484,12.661483764648438,5.0701117515563965,141.5500030517578,11.775100708007812,5.093570709228516
-0.19236232340335846,0.17359526455402374,174.2083282470703,9.979827880859375,126.85713958740234,13.042930603027344,151.0,12.813323974609375,5.112337589263916,120.69999694824219,12.018966674804688,5.037269592285156
-0.19236232340335846,0.17359526455402374,153.92857360839844,10.108978271484375,98.19444274902344,12.913101196289062,129.0833282470703,12.782943725585938,5.0325775146484375,136.3000030517578,12.042350769042969,5.051344871520996
-0.20174585282802582,0.2064376175403595,139.92857360839844,10.235763549804688,141.0416717529297,13.453384399414062,159.0,12.636947631835938,5.084187030792236,97.95833587646484,11.694557189941406,5.126412868499756
-0.20174585282802582,0.2064376175403595,119.5625,10.140167236328125,141.0416717529297,13.453384399414062,159.0,12.636947631835938,5.084187030792236,97.95833587646484,11.694557189941406,5.126412868499756
-0.12198586016893387,0.17828702926635742,157.0416717529297,10.576324462890625,143.6666717529297,13.001052856445312,142.0,12.733726501464844,5.060728073120117,152.64999389648438,11.82080078125,5.0325775146484375
-0.12667763233184814,0.060992930084466934,133.85714721679688,10.116134643554688,126.16666412353516,12.84930419921875,136.75,13.097732543945312,5.060728073120117,126.94999694824219,12.078155517578125,5.041961193084717
-0.09383527934551239,0.12198586016893387,141.7857208251953,10.303382873535156,106.78571319580078,12.82275390625,117.83333587646484,12.691764831542969,5.027885913848877,93.29166412353516,12.212150573730469,5.088878631591797
-0.1829787939786911,0.2064376175403595,178.7083282470703,10.109504699707031,116.17857360839844,12.878768920898438,90.79166412353516,12.984344482421875,5.102953910827637,103.125,11.973182678222656,5.0701117515563965
-0.1829787939786911,0.20174585282802582,176.7083282470703,9.957557678222656,110.71428680419922,12.744697570800781,90.79166412353516,12.984344482421875,5.102953910827637,103.125,11.973182678222656,5.0701117515563965
-0.1829787939786911,0.1360611617565155,163.375,10.226066589355469,110.71428680419922,12.744697570800781,145.0500030517578,12.638763427734375,5.041961193084717,145.60000610351562,11.660415649414062,5.065420150756836
-0.15482820570468903,0.1360611617565155,163.375,10.226066589355469,124.60713958740234,12.896507263183594,122.16666412353516,12.600975036621094,5.0701117515563965,155.10000610351562,11.756172180175781,5.0701117515563965
-0.2580470144748688,0.272122323513031,181.7916717529297,9.951080322265625,101.53125,13.040962219238281,130.3000030517578,12.834281921386719,5.088878631591797,122.94999694824219,11.617637634277344,5.121721267700195
-0.2064376175403595,0.1595199704170227,142.9642791748047,9.930572509765625,127.54166412353516,13.120140075683594,114.29166412353516,12.870330810546875,5.084187030792236,122.94999694824219,11.617637634277344,5.121721267700195
-0.2064376175403595,0.14544467628002167,139.2083282470703,8.892616271972656,127.54166412353516,13.120140075683594,147.8125,12.85467529296875,5.098262310028076,139.5,11.944015502929688,5.074803352355957
-0.1360611617565155,0.2064376175403595,139.92857360839844,10.234718322753906,121.71428680419922,13.044906616210938,99.33333587646484,12.863235473632812,5.084187030792236,113.0,12.048774719238281,5.079495429992676
-0.1360611617565155,0.2064376175403595,139.92857360839844,10.234718322753906,139.0833282470703,12.611122131347656,152.5,12.642738342285156,5.079495429992676,118.79166412353516,12.004768371582031,5.037269592285156
-0.17828702926635742,0.18767055869102478,163.1666717529297,10.063087463378906,95.61111450195312,13.167259216308594,154.0,12.403228759765625,5.079495429992676,118.79166412353516,12.004768371582031,5.037269592285156
-0.17828702926635742,0.18767055869102478,125.96428680419922,10.384757995605469,95.61111450195312,13.167259216308594,105.41666412353516,12.170539855957031,5.079495429992676,118.79166412353516,12.004768371582031,5.037269592285156
-0.21112938225269318,0.2533552646636963,180.4166717529297,9.969429016113281,79.86111450195312,13.348609924316406,154.39999389648438,12.708786010742188,5.079495429992676,124.94999694824219,12.158058166503906,5.037269592285156
-0.2533552646636963,0.2768140733242035,148.82142639160156,9.576972961425781,108.90625,12.94122314453125,127.1500015258789,11.955436706542969,5.065420150756836,134.39999389648438,11.900131225585938,5.060728073120117
-0.18767055869102478,0.21112938225269318,137.7857208251953,10.403877258300781,109.25,13.156204223632812,121.5,12.476837158203125,5.060728073120117,145.89999389648438,12.122932434082031,5.046652793884277
-0.18767055869102478,0.2298964411020279,160.5833282470703,10.315475463867188,109.25,13.156204223632812,129.2916717529297,13.018875122070312,5.074803352355957,107.6500015258789,12.262886047363281,5.117029190063477
-0.2533552646636963,0.2298964411020279,172.1666717529297,10.190078735351562,105.57142639160156,13.128822326660156,138.85000610351562,12.977775573730469,5.102953910827637,103.0,12.080520629882812,5.037269592285156
-0.2533552646636963,0.2298964411020279,172.1666717529297,10.190078735351562,147.8333282470703,12.666999816894531,120.08333587646484,12.776756286621094,5.0701117515563965,104.35713958740234,11.882545471191406,5.0701117515563965
-0.28150585293769836,0.2533552646636963,34.375,-1.7202682495117188,110.82142639160156,13.110366821289062,116.0,12.863052368164062,5.018502235412598,139.6999969482422,12.136329650878906,5.041961193084717
-0.28150585293769836,0.23927995562553406,134.125,10.838165283203125,110.82142639160156,13.110366821289062,116.0,12.863052368164062,5.018502235412598,130.6999969482422,11.945777893066406,5.0325775146484375
-0.28150585293769836,0.21112938225269318,157.2142791748047,9.861213684082031,89.15625,12.992874145507812,145.5,12.744880676269531,5.084187030792236,118.05000305175781,11.819480895996094,5.0325775146484375
-0.21112938225269318,0.13136939704418182,145.6666717529297,10.630218505859375,139.0833282470703,13.247123718261719,119.66666412353516,12.808746337890625,5.112337589263916,121.66666412353516,11.737129211425781,5.098262310028076
-0.12667763233184814,0.15013644099235535,161.5,10.325386047363281,150.0416717529297,13.128059387207031,148.10000610351562,12.783287048339844,5.112337589263916,121.66666412353516,11.737129211425781,5.098262310028076
-0.15482820570468903,0.15013644099235535,161.5,10.325386047363281,103.21428680419922,12.337387084960938,99.0,13.014793395996094,5.093570709228516,127.45833587646484,11.851058959960938,5.126412868499756
-0.19236232340335846,0.15013644099235535,154.60714721679688,9.816238403320312,124.375,12.789115905761719,150.8000030517578,12.613510131835938,5.112337589263916,127.45833587646484,11.851058959960938,5.126412868499756
-0.19236232340335846,0.09852704405784607,128.0,10.435516357421875,124.375,12.789115905761719,113.70833587646484,12.866798400878906,5.041961193084717,99.41666412353516,12.534744262695312,5.060728073120117
-0.004691763781011105,0.09852704405784607,155.75,10.476104736328125,73.58333587646484,7.772422790527344,98.0,12.684989929199219,5.084187030792236,106.83333587646484,12.078628540039062,5.051344871520996
-0.14544467628002167,0.023458819836378098,122.5,10.2322998046875,126.10713958740234,12.759262084960938,117.375,12.86083984375,5.0701117515563965,103.625,12.065010070800781,5.079495429992676
-0.16421173512935638,0.15013644099235535,144.9642791748047,9.658103942871094,123.17857360839844,12.777801513671875,135.14999389648438,12.827507019042969,5.093570709228516,105.29166412353516,11.835838317871094,5.088878631591797
-0.12198586016893387,0.15013644099235535,124.82142639160156,10.644134521484375,138.0416717529297,13.242660522460938,125.625,12.862251281738281,5.088878631591797,105.29166412353516,11.835838317871094,5.088878631591797
-0.14075292646884918,0.14075292646884918,157.7083282470703,10.367332458496094,100.90625,13.01263427734375,100.29166412353516,13.202011108398438,5.084187030792236,131.10000610351562,12.092636108398438,5.088878631591797
-0.12667763233184814,0.10791057348251343,124.42857360839844,10.3878173828125,135.8333282470703,10.154823303222656,100.29166412353516,13.202011108398438,5.084187030792236,106.16666412353516,12.104103088378906,5.065420150756836
-0.24397172033786774,0.15482820570468903,127.67857360839844,10.533164978027344,109.82142639160156,13.077842712402344,116.20833587646484,12.862571716308594,5.051344871520996,137.0500030517578,12.234786987304688,5.051344871520996
-0.15482820570468903,0.24397172033786774,142.0357208251953,10.241645812988281,101.75,11.387924194335938,148.3000030517578,12.817695617675781,5.051344871520996,123.6500015258789,12.261344909667969,5.0701117515563965
-0.1829787939786911,0.13136939704418182,125.71428680419922,10.358314514160156,138.2083282470703,13.355743408203125,121.375,12.807540893554688,5.060728073120117,123.6500015258789,12.261344909667969,5.0701117515563965
-0.1829787939786911,0.18767055869102478,163.375,10.280662536621094,138.2083282470703,13.355743408203125,128.7916717529297,12.6312255859375,5.126412868499756,142.5,11.9617919921875,5.112337589263916
-0.2252046763896942,0.2064376175403595,137.82142639160156,10.117782592773438,117.89286041259766,12.984359741210938,97.41666412353516,13.17822265625,5.102953910827637,121.83333587646484,12.1063232421875,5.1076459884643555
-0.2252046763896942,0.20174585282802582,125.57142639160156,10.311988830566406,107.16666412353516,12.711074829101562,156.1999969482422,12.517448425292969,5.093570709228516,151.14999389648438,12.036186218261719,5.0701117515563965
-0.2252046763896942,0.21582114696502686,145.625,8.402320861816406,107.16666412353516,12.711074829101562,127.20833587646484,12.713180541992188,5.065420150756836,108.08333587646484,12.271308898925781,5.079495429992676
-0.2252046763896942,0.23927995562553406,143.25,10.027191162109375,144.625,13.208847045898438,154.25,12.865196228027344,5.051344871520996,138.35000610351562,12.231468200683594,5.060728073120117
-0.13136939704418182,0.15482820570468903,156.64285278320312,9.85595703125,136.0416717529297,12.952384948730469,127.75,12.612167358398438,5.079495429992676,98.0999984741211,12.239265441894531,5.088878631591797
-0.12667763233184814,0.14544467628002167,176.2083282470703,9.832252502441406,152.4166717529297,12.9375,102.41666412353516,13.125152587890625,5.046652793884277,108.0,12.057746887207031,5.046652793884277
-0.12667763233184814,0.1360611617565155,124.17857360839844,10.563026428222656,137.0,13.025726318359375,102.41666412353516,13.125152587890625,5.046652793884277,108.0,12.057746887207031,5.046652793884277
-0.09852704405784607,0.1360611617565155,152.32142639160156,9.793907165527344,142.25,13.310920715332031,114.20833587646484,13.075088500976562,5.074803352355957,137.5,11.975418090820312,5.084187030792236
-0.09852704405784607,0.10791057348251343,143.89285278320312,10.023368835449219,117.95833587646484,12.315826416015625,106.82142639160156,12.712059020996094,5.084187030792236,93.25,12.265266418457031,5.131104469299316
-0.09852704405784607,0.2064376175403595,127.17857360839844,10.298393249511719,144.0833282470703,12.76214599609375,136.5500030517578,12.966819763183594,5.0325775146484375,93.25,12.265266418457031,5.131104469299316
-0.18767055869102478,0.21112938225269318,121.64286041259766,10.454124450683594,111.5,12.970596313476562,86.20833587646484,13.073028564453125,5.098262310028076,131.5,12.447334289550781,5.0701117515563965
-0.19236232340335846,0.10791057348251343,141.39285278320312,9.962120056152344,130.25,12.969993591308594,120.29166412353516,12.733505249023438,5.0701117515563965,111.8499984741211,12.33551025390625,5.131104469299316
-0.08445174992084503,0.16890349984169006,135.67857360839844,10.0948486328125,144.7916717529297,12.923263549804688,107.29166412353516,12.90087890625,5.074803352355957,142.5,12.293891906738281,5.065420150756836
-0.17828702926635742,0.2064376175403595,132.4375,9.81884765625,150.4166717529297,12.82305908203125,138.5,13.062545776367188,5.079495429992676,120.95833587646484,11.817535400390625,5.079495429992676
-0.1595199704170227,0.032842349261045456,165.5416717529297,9.99298095703125,151.7916717529297,13.261184692382812,138.5,13.062545776367188,5.079495429992676,111.5999984741211,11.98785400390625,5.098262310028076
-0.08914351463317871,0.1829787939786911,178.75,10.061920166015625,109.34375,13.229949951171875,146.0,12.913902282714844,5.098262310028076,101.79166412353516,12.078910827636719,5.0701117515563965
-0.18767055869102478,0.17828702926635742,130.89285278320312,10.516227722167969,97.19444274902344,12.707588195800781,116.04166412353516,12.863578796386719,5.074803352355957,136.75,12.105789184570312,5.0701117515563965
-0.15482820570468903,0.17828702926635742,130.89285278320312,10.516227722167969,133.0416717529297,11.936378479003906,99.03571319580078,13.1151123046875,5.018502235412598,136.75,12.105789184570312,5.0701117515563965
-0.19236232340335846,0.17828702926635742,184.4166717529297,9.942703247070312,121.16666412353516,13.261054992675781,129.7916717529297,12.698486328125,5.018502235412598,124.94999694824219,12.088111877441406,5.093570709228516
-0.19236232340335846,0.22051291167736053,158.25,9.749114990234375,118.32142639160156,13.057708740234375,138.39999389648438,12.961982727050781,5.056036472320557,104.54166412353516,12.316001892089844,5.056036472320557
-0.1595199704170227,0.15482820570468903,140.42857360839844,10.095481872558594,129.32142639160156,13.051063537597656,138.39999389648438,12.961982727050781,5.056036472320557,111.08333587646484,12.205406188964844,5.074803352355957
-0.1595199704170227,0.24397172033786774,88.0625,5.808677673339844,129.32142639160156,13.051063537597656,148.8000030517578,12.806961059570312,5.084187030792236,122.1500015258789,12.244255065917969,5.079495429992676
-0.2955811321735382,0.24397172033786774,88.0625,5.808677673339844,126.67857360839844,13.124130249023438,101.41666412353516,12.977264404296875,5.060728073120117,145.9499969482422,11.860527038574219,5.088878631591797
-0.30965641140937805,0.1595199704170227,114.96875,10.429122924804688,126.67857360839844,13.124130249023438,112.45833587646484,12.9058837890625,5.074803352355957,108.95833587646484,12.179588317871094,5.041961193084717
-0.1595199704170227,0.16890349984169006,170.9583282470703,10.600616455078125,166.3000030517578,12.86212158203125,125.1500015258789,12.749153137207031,5.102953910827637,113.25,11.91015625,5.098262310028076
-0.09383527934551239,0.16890349984169006,163.4583282470703,10.20281982421875,127.60713958740234,13.054214477539062,141.625,13.178741455078125,5.074803352355957,113.25,11.91015625,5.098262310028076
-0.24397172033786774,0.13136939704418182,172.125,9.814437866210938,99.75,12.987533569335938,156.6999969482422,12.969940185546875,5.079495429992676,108.25,12.478202819824219,5.0701117515563965
-0.1360611617565155,0.13136939704418182,152.625,10.271392822265625,134.7916717529297,13.208709716796875,156.6999969482422,12.969940185546875,5.079495429992676,110.95833587646484,12.394950866699219,5.079495429992676
-0.14544467628002167,0.1126023381948471,156.625,10.179756164550781,123.89286041259766,13.413520812988281,156.6999969482422,12.969940185546875,5.079495429992676,137.10000610351562,12.074607849121094,5.079495429992676
-0.10791057348251343,0.1126023381948471,156.625,10.179756164550781,147.5416717529297,13.259323120117188,130.35000610351562,13.088462829589844,5.0701117515563965,141.5500030517578,11.996864318847656,5.079495429992676
-0.11729410290718079,0.1126023381948471,151.60714721679688,9.963577270507812,139.9583282470703,13.080215454101562,130.35000610351562,13.088462829589844,5.0701117515563965,144.35000610351562,12.028152465820312,5.065420150756836
-0.12667763233184814,0.15482820570468903,184.5833282470703,9.947525024414062,97.1875,13.088096618652344,125.70833587646484,12.543655395507812,5.098262310028076,88.41666412353516,12.233230590820312,5.074803352355957
-0.17359526455402374,0.1360611617565155,146.75,10.1885986328125,125.46428680419922,13.119659423828125,126.80000305175781,12.841819763183594,5.084187030792236,99.28571319580078,11.900772094726562,5.046652793884277
-0.17359526455402374,0.2298964411020279,176.75,10.158454895019531,123.60713958740234,13.241226196289062,112.69999694824219,12.980400085449219,5.060728073120117,122.20833587646484,11.666488647460938,5.117029190063477
-0.23927995562553406,0.2298964411020279,176.75,10.158454895019531,102.25,13.040931701660156,135.75,13.04107666015625,5.056036472320557,120.625,12.099388122558594,5.088878631591797
-0.23458820581436157,0.14075292646884918,119.59375,10.187789916992188,143.0833282470703,12.789451599121094,156.39999389648438,12.807037353515625,5.084187030792236,120.625,12.099388122558594,5.088878631591797
-0.10791057348251343,0.14075292646884918,172.5833282470703,10.055007934570312,127.64286041259766,12.727279663085938,156.39999389648438,12.807037353515625,5.084187030792236,134.10000610351562,12.174781799316406,5.051344871520996
-0.1595199704170227,0.2064376175403595,113.69444274902344,10.142967224121094,126.28571319580078,12.980293273925781,106.79166412353516,12.642097473144531,5.0701117515563965,125.25,11.964958190917969,5.084187030792236
-0.1595199704170227,0.20174585282802582,163.5416717529297,10.353469848632812,103.46875,13.064353942871094,133.6666717529297,12.822578430175781,5.098262310028076,122.25,12.289176940917969,5.093570709228516
-0.21112938225269318,0.2955811321735382,145.4642791748047,10.040061950683594,126.10713958740234,13.145500183105469,113.29166412353516,12.72381591796875,5.060728073120117,123.8499984741211,12.047164916992188,5.0701117515563965
-0.15482820570468903,0.15013644099235535,149.39285278320312,9.3912353515625,136.5833282470703,13.056671142578125,148.25,12.847969055175781,5.074803352355957,138.64999389648438,12.198539733886719,5.051344871520996
-0.11729410290718079,0.14544467628002167,147.875,10.660079956054688,118.46428680419922,13.099418640136719,87.20833587646484,12.83868408203125,5.074803352355957,133.0500030517578,11.667671203613281,5.117029190063477
-0.1126023381948471,0.15013644099235535,171.2083282470703,9.994155883789062,164.14999389648438,13.102561950683594,120.79166412353516,12.782600402832031,5.065420150756836,133.0500030517578,11.667671203613281,5.117029190063477
-0.15013644099235535,0.18767055869102478,150.7857208251953,10.165679931640625,103.21428680419922,13.39959716796875,127.69999694824219,12.978080749511719,5.065420150756836,102.41666412353516,12.315322875976562,5.117029190063477
-0.19236232340335846,0.18767055869102478,150.7857208251953,10.165679931640625,106.39286041259766,13.285873413085938,127.69999694824219,12.978080749511719,5.065420150756836,102.41666412353516,12.315322875976562,5.117029190063477
-0.28619760274887085,0.18767055869102478,173.625,10.063552856445312,123.20833587646484,13.072303771972656,153.39999389648438,12.558784484863281,5.079495429992676,127.9000015258789,11.7950439453125,5.126412868499756
-0.16890349984169006,0.2533552646636963,150.5,9.750732421875,148.5,12.970054626464844,118.25,12.743515014648438,5.046652793884277,129.5500030517578,11.705604553222656,5.046652793884277
-0.16890349984169006,0.12198586016893387,154.67857360839844,9.755889892578125,148.5,12.970054626464844,146.85000610351562,12.757736206054688,5.051344871520996,129.5500030517578,11.705604553222656,5.046652793884277
-0.12198586016893387,0.21112938225269318,147.32142639160156,9.897140502929688,113.57142639160156,12.777389526367188,153.5500030517578,12.781517028808594,5.046652793884277,148.89999389648438,12.002784729003906,5.051344871520996
-0.12198586016893387,0.1126023381948471,138.625,10.776626586914062,143.0416717529297,13.000198364257812,127.70833587646484,12.738723754882812,5.060728073120117,114.45833587646484,12.014144897460938,5.0701117515563965
-0.12198586016893387,0.1126023381948471,153.875,10.1336669921875,143.0416717529297,13.000198364257812,141.8000030517578,13.021553039550781,5.051344871520996,114.45833587646484,12.014144897460938,5.0701117515563965
-0.17359526455402374,0.1126023381948471,173.75,9.446266174316406,174.39999389648438,12.923919677734375,141.8000030517578,13.021553039550781,5.051344871520996,131.1999969482422,12.321281433105469,5.027885913848877
-0.08445174992084503,0.1126023381948471,147.125,10.200981140136719,99.36111450195312,13.28436279296875,135.0,13.203765869140625,5.121721267700195,152.35000610351562,11.76007080078125,5.102953910827637
-0.08445174992084503,0.08445174992084503,140.5,10.220573425292969,99.36111450195312,13.28436279296875,134.10000610351562,12.871688842773438,5.056036472320557,152.5,11.922370910644531,5.051344871520996
-0.11729410290718079,0.12198586016893387,121.5,10.630950927734375,152.5,13.077392578125,97.95833587646484,12.504707336425781,5.1076459884643555,152.5,11.922370910644531,5.051344871520996
-0.14075292646884918,0.19705408811569214,150.07142639160156,10.01678466796875,95.8125,12.694404602050781,124.91666412353516,12.501068115234375,5.079495429992676,140.6999969482422,11.797103881835938,5.065420150756836
-0.1829787939786911,0.19705408811569214,150.07142639160156,10.01678466796875,114.46428680419922,12.815322875976562,173.625,12.974937438964844,5.079495429992676,122.08333587646484,11.958702087402344,5.112337589263916
-0.1829787939786911,0.12198586016893387,153.17857360839844,9.918449401855469,112.17857360839844,12.5682373046875,131.3000030517578,13.000938415527344,5.046652793884277,137.9499969482422,11.836601257324219,5.041961193084717
-0.16421173512935638,0.12198586016893387,153.17857360839844,9.918449401855469,116.35713958740234,13.249114990234375,128.5416717529297,12.67828369140625,5.046652793884277,113.1500015258789,12.356391906738281,5.088878631591797
-0.16421173512935638,0.12198586016893387,135.60714721679688,10.162406921386719,130.7142791748047,11.581108093261719,94.70833587646484,12.867988586425781,5.093570709228516,123.45833587646484,12.103355407714844,5.046652793884277
-0.1595199704170227,0.15482820570468903,126.625,9.87078857421875,122.35713958740234,13.007553100585938,94.70833587646484,12.867988586425781,5.093570709228516,99.19999694824219,12.314079284667969,5.121721267700195
-0.13136939704418182,0.15482820570468903,126.625,9.87078857421875,137.4166717529297,12.978439331054688,143.0500030517578,12.881378173828125,5.0701117515563965,96.16666412353516,12.367996215820312,5.074803352355957
-0.14075292646884918,0.16890349984169006,150.875,10.376632690429688,140.7916717529297,13.20806884765625,132.5833282470703,12.502601623535156,5.121721267700195,144.85000610351562,11.932891845703125,5.074803352355957
-0.14075292646884918,0.17828702926635742,184.0833282470703,9.929489135742188,140.7916717529297,13.20806884765625,143.85000610351562,12.934173583984375,5.051344871520996,140.3000030517578,11.925430297851562,5.041961193084717
-0.14544467628002167,0.17828702926635742,184.0833282470703,9.929489135742188,115.84375,12.946044921875,145.85000610351562,12.687149047851562,5.084187030792236,126.4000015258789,12.200439453125,5.079495429992676
-0.14544467628002167,0.17828702926635742,135.7142791748047,10.527839660644531,123.10713958740234,13.118667602539062,158.39999389648438,12.441093444824219,5.084187030792236,145.60000610351562,12.018569946289062,5.098262310028076
-0.19705408811569214,0.21112938225269318,179.875,9.943328857421875,134.7916717529297,13.178352355957031,157.5,12.576950073242188,5.084187030792236,116.9000015258789,11.923904418945312,5.088878631591797
-0.17828702926635742,0.2252046763896942,124.96428680419922,10.588951110839844,129.9583282470703,13.0545654296875,154.6999969482422,12.644256591796875,5.065420150756836,116.9000015258789,11.923904418945312,5.088878631591797
-0.20174585282802582,0.15482820570468903,138.07142639160156,10.353286743164062,100.89286041259766,13.423355102539062,130.125,12.379173278808594,5.074803352355957,106.91666412353516,12.192237854003906,5.060728073120117
-0.11729410290718079,0.08914351463317871,105.4375,10.382904052734375,128.14285278320312,13.043251037597656,114.69999694824219,13.176177978515625,5.079495429992676,113.29166412353516,11.921440124511719,5.084187030792236
-0.11729410290718079,0.08914351463317871,105.4375,10.382904052734375,128.14285278320312,13.043251037597656,98.875,13.014854431152344,5.065420150756836,120.54166412353516,11.779953002929688,5.0701117515563965
-0.17359526455402374,0.08914351463317871,136.34375,9.496437072753906,119.10713958740234,12.98046875,107.5,12.9259033203125,5.1076459884643555,129.75,11.887954711914062,5.102953910827637
-0.12667763233184814,0.19236232340335846,126.78571319580078,10.468360900878906,143.8333282470703,12.987701416015625,107.5,12.9259033203125,5.1076459884643555,129.75,11.887954711914062,5.102953910827637
-0.13136939704418182,0.11729410290718079,131.32142639160156,10.325553894042969,126.21428680419922,13.213119506835938,121.95833587646484,12.606239318847656,5.088878631591797,115.04166412353516,12.104156494140625,5.0325775146484375
-0.13136939704418182,0.19236232340335846,134.2857208251953,10.088760375976562,110.28571319580078,12.629249572753906,113.0,12.892608642578125,5.013810634613037,125.375,11.533363342285156,5.074803352355957
-0.13136939704418182,0.08914351463317871,144.14285278320312,9.948333740234375,110.28571319580078,12.629249572753906,113.0,12.892608642578125,5.013810634613037,125.375,11.533363342285156,5.074803352355957
-0.13136939704418182,0.08914351463317871,128.21875,10.16009521484375,116.5,12.949134826660156,149.75,12.768943786621094,5.093570709228516,105.25,12.431915283203125,5.074803352355957
-0.13136939704418182,0.1360611617565155,150.17857360839844,9.681663513183594,149.75,13.066902160644531,122.20833587646484,12.894027709960938,5.056036472320557,105.25,12.431915283203125,5.074803352355957
-0.13136939704418182,0.15482820570468903,171.0,10.000511169433594,133.5,13.169845581054688,142.35000610351562,12.559623718261719,5.051344871520996,106.625,11.859886169433594,5.079495429992676
-0.10791057348251343,0.08914351463317871,125.8125,10.244514465332031,130.14285278320312,9.760688781738281,142.35000610351562,12.559623718261719,5.051344871520996,116.8499984741211,12.42071533203125,5.041961193084717
-0.15482820570468903,0.11729410290718079,162.4583282470703,10.267265319824219,95.71875,13.070724487304688,137.60000610351562,13.144630432128906,5.060728073120117,127.05000305175781,12.331214904785156,5.056036472320557
-0.15482820570468903,0.14544467628002167,141.17857360839844,10.216278076171875,95.71875,13.070724487304688,144.5500030517578,12.599258422851562,5.0701117515563965,126.44999694824219,12.058204650878906,5.046652793884277
-0.15013644099235535,0.14544467628002167,141.17857360839844,10.216278076171875,148.0416717529297,13.178535461425781,108.70833587646484,12.768547058105469,5.0701117515563965,126.44999694824219,12.058204650878906,5.046652793884277
-0.15482820570468903,0.17828702926635742,113.42857360839844,10.735595703125,141.6666717529297,13.268569946289062,108.70833587646484,12.768547058105469,5.0701117515563965,127.20833587646484,12.064460754394531,5.046652793884277
-0.3237317204475403,0.17828702926635742,113.42857360839844,10.735595703125,117.60713958740234,13.113525390625,161.5500030517578,12.685905456542969,5.084187030792236,109.5999984741211,12.037849426269531,5.102953910827637
-0.3237317204475403,0.17828702926635742,113.42857360839844,10.735595703125,168.9499969482422,13.120162963867188,127.45833587646484,12.665870666503906,5.1076459884643555,109.5999984741211,12.037849426269531,5.102953910827637
-0.17359526455402374,0.17359526455402374,142.9642791748047,10.011436462402344,139.5,13.23187255859375,127.45833587646484,12.665870666503906,5.1076459884643555,116.66666412353516,11.571540832519531,5.079495429992676
-0.12667763233184814,0.17359526455402374,181.64999389648438,10.266075134277344,122.92857360839844,13.033180236816406,126.54166412353516,12.697410583496094,5.093570709228516,149.14999389648438,12.0814208984375,5.1076459884643555
-0.12667763233184814,0.18767055869102478,132.34375,9.73040771484375,139.5416717529297,12.9461669921875,144.39999389648438,12.799468994140625,5.0701117515563965,121.79166412353516,11.998825073242188,5.0701117515563965
-0.16890349984169006,0.18767055869102478,132.34375,9.73040771484375,124.67857360839844,12.829681396484375,144.39999389648438,12.799468994140625,5.0701117515563965,108.6500015258789,12.329338073730469,5.098262310028076
-0.16890349984169006,0.17359526455402374,153.0357208251953,9.588203430175781,124.67857360839844,12.829681396484375,126.44999694824219,12.728271484375,5.121721267700195,126.80000305175781,11.922172546386719,5.102953910827637
-0.16890349984169006,0.13136939704418182,147.7142791748047,10.066810607910156,88.36111450195312,12.712745666503906,120.04166412353516,12.856689453125,5.065420150756836,130.14999389648438,12.152816772460938,5.074803352355957
-0.16890349984169006,0.13136939704418182,147.7142791748047,10.066810607910156,88.36111450195312,12.712745666503906,144.0500030517578,12.921257019042969,5.074803352355957,130.14999389648438,12.152816772460938,5.074803352355957
-0.16890349984169006,0.24397172033786774,170.625,10.194259643554688,117.67857360839844,13.410438537597656,154.10000610351562,12.722175598144531,5.074803352355957,130.14999389648438,12.152816772460938,5.074803352355957
-0.21582114696502686,0.24397172033786774,152.89285278320312,9.505615234375,106.40625,12.647552490234375,154.10000610351562,12.722175598144531,5.074803352355957,173.6875,12.060317993164062,5.056036472320557
-0.2955811321735382,0.24866348505020142,145.2857208251953,10.270011901855469,125.32142639160156,13.289596557617188,129.7916717529297,12.630836486816406,5.0701117515563965,117.91666412353516,11.882896423339844,5.0701117515563965
-0.14544467628002167,0.1126023381948471,128.57142639160156,10.175430297851562,113.53125,13.03472900390625,150.14999389648438,12.968063354492188,5.074803352355957,123.20833587646484,12.118202209472656,5.074803352355957
-0.14544467628002167,0.1126023381948471,128.57142639160156,10.175430297851562,113.53125,13.03472900390625,150.14999389648438,12.968063354492188,5.074803352355957,131.39999389648438,12.274421691894531,5.0701117515563965
-0.3612658381462097,0.1126023381948471,68.16666412353516,0.163116455078125,144.0833282470703,13.411819458007812,104.79166412353516,12.924140930175781,5.0325775146484375,134.5500030517578,12.003135681152344,5.0325775146484375
-0.09383527934551239,0.1126023381948471,148.6666717529297,9.974067687988281,149.64999389648438,13.172584533691406,106.45833587646484,13.012557983398438,5.0701117515563965,115.94999694824219,12.679214477539062,5.0701117515563965
-0.12198586016893387,0.1126023381948471,157.7142791748047,10.042770385742188,122.71428680419922,13.155075073242188,128.9583282470703,13.03863525390625,5.102953910827637,115.94999694824219,12.679214477539062,5.0701117515563965
-0.17828702926635742,0.12667763233184814,137.92857360839844,10.140487670898438,137.9166717529297,13.112380981445312,130.8333282470703,12.782928466796875,5.056036472320557,122.80000305175781,12.236930847167969,5.0701117515563965
-0.15013644099235535,0.15482820570468903,158.60714721679688,9.609146118164062,132.625,12.797409057617188,114.5999984741211,12.878715515136719,5.093570709228516,105.875,12.376457214355469,5.041961193084717
-0.14075292646884918,0.15482820570468903,123.65625,10.071380615234375,135.3333282470703,12.846931457519531,147.64999389648438,12.9461669921875,5.079495429992676,127.5,12.26116943359375,5.117029190063477
-0.1595199704170227,0.17828702926635742,139.8125,9.655990600585938,142.25,12.985145568847656,147.64999389648438,12.9461669921875,5.079495429992676,151.85000610351562,12.105606079101562,5.079495429992676
-0.2064376175403595,0.21582114696502686,143.0,9.61297607421875,128.2083282470703,13.151390075683594,112.0,12.770683288574219,5.102953910827637,151.85000610351562,12.105606079101562,5.079495429992676
-0.16890349984169006,0.1126023381948471,146.85714721679688,9.939338684082031,101.91666412353516,12.141433715820312,113.16666412353516,13.161056518554688,5.079495429992676,118.625,11.867088317871094,5.0701117515563965
-0.10321880877017975,0.13136939704418182,124.625,9.740791320800781,116.42857360839844,13.277610778808594,125.04166412353516,12.9000244140625,5.060728073120117,118.625,11.867088317871094,5.0701117515563965
-0.09852704405784607,0.13136939704418182,124.625,9.740791320800781,132.10714721679688,3.3353271484375,121.625,12.959259033203125,5.060728073120117,148.39999389648438,12.197494506835938,5.0701117515563965
-0.09852704405784607,0.1126023381948471,116.10713958740234,10.460197448730469,86.61111450195312,12.968299865722656,145.5,13.046669006347656,5.060728073120117,96.79166412353516,12.527610778808594,5.098262310028076
-0.16421173512935638,0.23927995562553406,133.5,10.1046142578125,124.28571319580078,12.73797607421875,125.1500015258789,13.192314147949219,5.079495429992676,96.79166412353516,12.527610778808594,5.098262310028076
-0.19705408811569214,0.1829787939786911,172.8333282470703,9.473609924316406,98.71875,13.119308471679688,136.10000610351562,13.088241577148438,5.037269592285156,148.60000610351562,12.159004211425781,5.074803352355957
-0.21112938225269318,0.18767055869102478,145.85714721679688,9.777572631835938,148.25,12.851219177246094,136.10000610351562,13.088241577148438,5.037269592285156,132.5,12.390670776367188,5.004426956176758
-0.19705408811569214,0.14075292646884918,143.0,10.220809936523438,123.35713958740234,12.928459167480469,117.125,12.944793701171875,5.084187030792236,88.54166412353516,12.755729675292969,5.004426956176758
-0.19705408811569214,0.19236232340335846,114.71875,10.145278930664062,96.86111450195312,13.02197265625,149.5,12.780189514160156,5.0701117515563965,110.83333587646484,12.29217529296875,5.060728073120117
-0.19705408811569214,0.19236232340335846,114.71875,10.145278930664062,114.57142639160156,13.106056213378906,149.5,12.780189514160156,5.0701117515563965,110.83333587646484,12.29217529296875,5.060728073120117
-0.19705408811569214,0.12667763233184814,145.5,9.949440002441406,148.2083282470703,13.22601318359375,122.08333587646484,12.989822387695312,5.074803352355957,144.0500030517578,12.235122680664062,5.098262310028076
-0.1595199704170227,0.12667763233184814,128.5357208251953,10.015228271484375,140.375,13.280891418457031,122.08333587646484,12.989822387695312,5.074803352355957,139.1999969482422,12.103179931640625,5.0325775146484375
-0.2064376175403595,0.17359526455402374,158.75,9.543098449707031,144.2083282470703,13.050094604492188,137.0500030517578,13.097640991210938,5.065420150756836,156.9499969482422,11.666122436523438,5.084187030792236
-0.2064376175403595,0.17359526455402374,158.75,9.543098449707031,122.625,13.319244384765625,137.0500030517578,13.097640991210938,5.065420150756836,156.9499969482422,11.666122436523438,5.084187030792236
-0.2064376175403595,0.16890349984169006,138.5357208251953,9.9783935546875,122.625,13.319244384765625,128.625,12.664009094238281,5.0701117515563965,125.0,12.197250366210938,5.1076459884643555
-0.2064376175403595,0.16890349984169006,151.14285278320312,9.878364562988281,122.625,13.319244384765625,135.5,12.996559143066406,5.084187030792236,115.44999694824219,12.304283142089844,5.060728073120117
-0.2064376175403595,0.14075292646884918,122.1875,10.309928894042969,109.85713958740234,13.027084350585938,145.4499969482422,12.9437255859375,5.0701117515563965,140.0500030517578,12.242416381835938,5.056036472320557
-0.2064376175403595,0.2768140733242035,115.64286041259766,10.431121826171875,109.85713958740234,13.027084350585938,125.0,12.618057250976562,5.102953910827637,111.58333587646484,12.294883728027344,5.102953910827637
-0.10791057348251343,0.09383527934551239,122.5625,9.831535339355469,141.875,13.24224853515625,122.04166412353516,12.676673889160156,5.046652793884277,111.58333587646484,12.294883728027344,5.102953910827637
-0.10791057348251343,0.1595199704170227,148.2916717529297,10.128501892089844,141.875,13.24224853515625,154.60000610351562,12.775527954101562,5.117029190063477,124.95833587646484,12.019050598144531,5.117029190063477
-0.09852704405784607,0.12667763233184814,149.60714721679688,9.944168090820312,137.625,13.028167724609375,156.0500030517578,12.995223999023438,5.060728073120117,129.10000610351562,12.016334533691406,5.051344871520996
-0.16890349984169006,0.12667763233184814,130.5625,9.389022827148438,118.5,13.101943969726562,156.0500030517578,12.995223999023438,5.060728073120117,83.79166412353516,12.06549072265625,5.051344871520996
-0.2064376175403595,0.17359526455402374,148.5,9.692588806152344,154.0416717529297,13.158660888671875,117.75,12.938163757324219,5.060728073120117,134.5500030517578,12.142845153808594,5.060728073120117
-0.19705408811569214,0.17359526455402374,136.57142639160156,10.169166564941406,164.9499969482422,13.111923217773438,99.08333587646484,13.023918151855469,5.098262310028076,151.3000030517578,12.305290222167969,5.140488147735596
-0.2580470144748688,0.22051291167736053,136.46875,9.648223876953125,147.4166717529297,13.2259521484375,126.33333587646484,12.924736022949219,5.117029190063477,128.0416717529297,12.136787414550781,5.102953910827637
-0.2580470144748688,0.30496466159820557,174.625,10.011367797851562,147.4166717529297,13.2259521484375,130.9166717529297,12.518577575683594,5.1076459884643555,128.0416717529297,12.136787414550781,5.102953910827637
-0.16890349984169006,0.19705408811569214,131.17857360839844,9.8057861328125,109.65625,13.347366333007812,150.8000030517578,12.659309387207031,5.027885913848877,103.625,12.378776550292969,5.037269592285156
-0.16421173512935638,0.22051291167736053,180.125,9.89080810546875,172.4499969482422,12.996772766113281,127.625,5.204963684082031,5.027885913848877,146.0,11.854385375976562,5.074803352355957
-0.12198586016893387,0.2298964411020279,116.78125,9.852806091308594,144.2083282470703,13.021942138671875,115.04166412353516,13.063301086425781,5.065420150756836,128.625,11.998374938964844,5.060728073120117
-0.2064376175403595,0.15482820570468903,147.60714721679688,9.899284362792969,127.25,13.274330139160156,116.66666412353516,13.036399841308594,5.065420150756836,153.64999389648438,12.189971923828125,5.065420150756836
-0.2064376175403595,0.19705408811569214,130.7857208251953,10.408927917480469,147.3333282470703,13.142868041992188,133.10000610351562,12.707359313964844,5.074803352355957,151.3000030517578,11.90814208984375,5.056036472320557
-0.2064376175403595,0.26743054389953613,142.5,9.937286376953125,127.03571319580078,13.071601867675781,133.10000610351562,12.707359313964844,5.074803352355957,137.35000610351562,12.189613342285156,5.065420150756836
-0.13136939704418182,0.10321880877017975,181.5416717529297,9.721664428710938,141.3333282470703,12.944107055664062,102.6500015258789,12.935791015625,5.1076459884643555,115.625,12.010665893554688,5.117029190063477
-0.13136939704418182,0.14544467628002167,143.25,10.027450561523438,141.3333282470703,12.944107055664062,121.0999984741211,12.857742309570312,5.079495429992676,98.45833587646484,12.634719848632812,5.093570709228516
-0.19236232340335846,0.24397172033786774,97.71875,10.805564880371094,95.33333587646484,13.226791381835938,132.64999389648438,12.912879943847656,5.079495429992676,110.0,12.236343383789062,5.098262310028076
-0.29088935256004333,0.24397172033786774,138.32142639160156,10.151756286621094,99.47222137451172,12.808570861816406,136.75,13.213088989257812,5.088878631591797,112.125,12.258438110351562,5.051344871520996
-0.17359526455402374,0.16421173512935638,148.7142791748047,9.947311401367188,150.7083282470703,13.331245422363281,141.35000610351562,12.851333618164062,5.037269592285156,112.125,12.258438110351562,5.051344871520996
-0.1595199704170227,0.11729410290718079,143.2857208251953,10.437294006347656,123.91666412353516,13.323890686035156,95.20833587646484,12.724906921386719,5.117029190063477,113.95833587646484,12.033149719238281,5.056036472320557
-0.1595199704170227,0.15482820570468903,147.82142639160156,10.058822631835938,146.125,12.866317749023438,132.3000030517578,13.004524230957031,5.0701117515563965,99.66666412353516,12.206939697265625,5.121721267700195
-0.14544467628002167,0.15482820570468903,111.9375,6.259529113769531,140.0,13.09326171875,132.3000030517578,13.004524230957031,5.0701117515563965,126.1500015258789,11.78155517578125,5.041961193084717
-0.15013644099235535,0.15482820570468903,146.92857360839844,10.335075378417969,123.83333587646484,13.162384033203125,103.03571319580078,12.600883483886719,5.060728073120117,153.6999969482422,11.815322875976562,5.065420150756836
-0.14075292646884918,0.15482820570468903,137.14285278320312,10.385719299316406,116.89286041259766,13.01165771484375,132.3000030517578,12.7454833984375,5.079495429992676,122.16666412353516,7.715606689453125,5.046652793884277
-0.2064376175403595,0.17359526455402374,138.0357208251953,10.41015625,132.8333282470703,13.184013366699219,104.41666412353516,12.929679870605469,5.121721267700195,122.5,11.996429443359375,5.079495429992676
-0.15013644099235535,0.17359526455402374,138.0357208251953,10.41015625,173.4499969482422,13.239311218261719,104.41666412353516,12.929679870605469,5.121721267700195,95.70833587646484,12.348396301269531,5.1076459884643555
-0.15013644099235535,0.17359526455402374,138.0357208251953,10.41015625,119.89286041259766,13.075103759765625,120.66666412353516,12.72357177734375,5.079495429992676,108.5999984741211,12.351264953613281,5.098262310028076
-0.16890349984169006,0.08914351463317871,170.75,10.029434204101562,110.85713958740234,13.230140686035156,120.79166412353516,12.954048156738281,5.079495429992676,93.83333587646484,12.346763610839844,5.0701117515563965
-0.23458820581436157,0.2252046763896942,150.67857360839844,9.690078735351562,138.4166717529297,13.048973083496094,128.8333282470703,12.42059326171875,5.098262310028076,142.3000030517578,11.839118957519531,5.084187030792236
-0.14544467628002167,0.22051291167736053,144.7142791748047,10.2808837890625,142.0,13.418190002441406,112.0,13.172370910644531,5.056036472320557,117.16666412353516,12.008346557617188,5.018502235412598
-0.14544467628002167,0.22051291167736053,144.7142791748047,10.2808837890625,130.7142791748047,13.011726379394531,142.60000610351562,12.703292846679688,5.060728073120117,145.0,11.806610107421875,5.088878631591797
-0.16421173512935638,0.19705408811569214,135.60714721679688,10.759834289550781,150.7916717529297,13.089302062988281,142.60000610351562,12.703292846679688,5.060728073120117,107.45833587646484,12.227516174316406,5.0701117515563965
-0.17828702926635742,0.15013644099235535,147.0357208251953,10.451126098632812,124.0,13.016876220703125,113.54166412353516,12.700920104980469,5.060728073120117,135.85000610351562,12.382156372070312,5.051344871520996
-0.17828702926635742,0.16890349984169006,146.39285278320312,10.221817016601562,126.625,13.269447326660156,154.6999969482422,12.6734619140625,5.065420150756836,114.0,12.081405639648438,5.060728073120117
-0.14544467628002167,0.16890349984169006,135.35714721679688,10.203590393066406,116.39286041259766,13.292228698730469,116.16666412353516,12.636329650878906,5.0325775146484375,119.79166412353516,11.92633056640625,5.065420150756836
-0.10321880877017975,0.1126023381948471,127.89286041259766,10.186500549316406,126.10713958740234,13.01226806640625,119.91666412353516,12.893882751464844,5.0701117515563965,100.75,12.217025756835938,5.0701117515563965
-0.14075292646884918,0.13136939704418182,126.8125,10.01202392578125,114.07142639160156,12.898704528808594,141.14999389648438,12.569747924804688,5.037269592285156,105.125,12.295867919921875,5.0325775146484375
-0.12667763233184814,0.19236232340335846,155.7857208251953,10.121208190917969,125.125,13.468986511230469,121.95833587646484,12.848526000976562,5.0701117515563965,148.1999969482422,11.60943603515625,5.056036472320557
-0.19705408811569214,0.16890349984169006,124.8125,4.17169189453125,110.78571319580078,13.301948547363281,140.75,12.959327697753906,5.037269592285156,135.8000030517578,12.062408447265625,5.074803352355957
-0.19705408811569214,0.16890349984169006,148.07142639160156,9.747421264648438,111.57142639160156,13.036994934082031,114.41666412353516,12.95135498046875,5.051344871520996,118.125,11.923255920410156,5.041961193084717
-0.2580470144748688,0.30965641140937805,147.25,10.145042419433594,124.60713958740234,13.043624877929688,154.60000610351562,12.713302612304688,5.056036472320557,118.125,11.923255920410156,5.041961193084717
-0.2580470144748688,0.20174585282802582,153.35714721679688,10.319664001464844,171.6999969482422,13.336463928222656,154.60000610351562,12.713302612304688,5.056036472320557,118.125,11.923255920410156,5.041961193084717
-0.2580470144748688,0.20174585282802582,153.35714721679688,10.319664001464844,138.5416717529297,12.814544677734375,116.79166412353516,13.095146179199219,5.112337589263916,122.58333587646484,11.948982238769531,5.093570709228516
-0.2580470144748688,0.20174585282802582,129.9642791748047,10.060592651367188,126.39286041259766,9.668006896972656,116.79166412353516,13.095146179199219,5.112337589263916,166.0,12.105949401855469,5.065420150756836
-0.2580470144748688,0.16421173512935638,129.64285278320312,10.673530578613281,122.71428680419922,12.790267944335938,127.04166412353516,12.469306945800781,5.060728073120117,118.20833587646484,11.83062744140625,5.046652793884277
-0.17828702926635742,0.14075292646884918,131.10714721679688,10.693359375,171.60000610351562,12.883445739746094,133.9499969482422,12.740043640136719,5.084187030792236,109.79166412353516,12.167457580566406,5.0701117515563965
-0.16421173512935638,0.19236232340335846,131.32142639160156,10.427589416503906,112.0625,12.698707580566406,137.85000610351562,13.076400756835938,5.046652793884277,151.0,11.954353332519531,5.0701117515563965
-0.19236232340335846,0.2580470144748688,89.875,4.817962646484375,129.64285278320312,13.167442321777344,137.85000610351562,13.076400756835938,5.046652793884277,137.75,11.970848083496094,5.0325775146484375
-0.37534111738204956,0.2580470144748688,163.125,10.400016784667969,89.30555725097656,13.02166748046875,155.64999389648438,12.4368896484375,5.121721267700195,107.05000305175781,12.107009887695312,5.084187030792236
-0.1595199704170227,0.2580470144748688,165.9166717529297,10.196205139160156,114.78571319580078,13.141334533691406,155.64999389648438,12.4368896484375,5.121721267700195,177.4375,12.188606262207031,5.126412868499756
-0.1595199704170227,0.12667763233184814,146.7142791748047,10.105491638183594,155.5416717529297,13.216445922851562,122.66666412353516,12.617813110351562,5.074803352355957,125.4000015258789,11.967033386230469,5.046652793884277
-0.07037646323442459,0.12667763233184814,122.84375,10.455734252929688,148.1666717529297,13.096466064453125,171.4375,12.930572509765625,5.051344871520996,135.0,12.066787719726562,5.102953910827637
-0.07037646323442459,0.07037646323442459,107.65625,10.463020324707031,132.9166717529297,13.087654113769531,146.25,12.980987548828125,5.051344871520996,135.0,12.066787719726562,5.102953910827637
-0.14544467628002167,0.1360611617565155,123.78571319580078,10.439064025878906,118.42857360839844,13.466705322265625,125.125,12.641563415527344,5.088878631591797,96.41666412353516,11.70086669921875,5.0701117515563965
-0.14544467628002167,0.1360611617565155,105.11111450195312,9.890937805175781,118.42857360839844,13.466705322265625,125.125,12.641563415527344,5.088878631591797,129.0500030517578,12.173629760742188,5.051344871520996
-0.14544467628002167,0.1126023381948471,153.64285278320312,9.756416320800781,104.78125,12.76177978515625,148.6999969482422,12.693405151367188,5.065420150756836,107.75,12.166595458984375,5.037269592285156
-0.12667763233184814,0.22051291167736053,139.5,10.52783203125,125.85713958740234,13.383903503417969,121.5,12.940711975097656,5.056036472320557,107.04166412353516,12.136299133300781,5.074803352355957
-0.2252046763896942,0.15482820570468903,135.57142639160156,10.471534729003906,141.5,13.270149230957031,121.5,12.940711975097656,5.056036472320557,107.04166412353516,12.136299133300781,5.074803352355957
-0.14075292646884918,0.19236232340335846,141.125,10.805213928222656,127.16666412353516,13.172660827636719,122.66666412353516,13.025054931640625,5.074803352355957,129.6999969482422,11.913200378417969,5.051344871520996
-0.1360611617565155,0.19236232340335846,141.125,10.805213928222656,96.875,13.109703063964844,114.375,12.951568603515625,5.037269592285156,106.29166412353516,12.240409851074219,5.0325775146484375
-0.21582114696502686,0.24866348505020142,152.82142639160156,10.368095397949219,138.0416717529297,12.97589111328125,123.75,12.640174865722656,5.079495429992676,94.29166412353516,12.224601745605469,5.0325775146484375
-0.17828702926635742,0.24866348505020142,152.82142639160156,10.368095397949219,132.0,13.076347351074219,123.75,12.640174865722656,5.079495429992676,110.25,12.30609130859375,5.074803352355957
-0.17828702926635742,0.24866348505020142,147.9642791748047,9.665138244628906,132.0,13.076347351074219,125.75,12.751045227050781,5.056036472320557,119.5,11.882293701171875,5.065420150756836
-0.23927995562553406,0.16890349984169006,171.625,9.983894348144531,113.17857360839844,12.769622802734375,146.14999389648438,12.732772827148438,5.060728073120117,105.91666412353516,12.085678100585938,5.041961193084717
-0.14544467628002167,0.16890349984169006,138.2857208251953,10.157142639160156,114.25,9.925857543945312,112.95833587646484,13.08245849609375,5.051344871520996,130.8000030517578,12.128547668457031,5.041961193084717
-0.16421173512935638,0.07975998520851135,156.4166717529297,10.705154418945312,139.875,12.857780456542969,112.95833587646484,13.08245849609375,5.051344871520996,129.5,12.062583923339844,5.098262310028076
-0.10321880877017975,0.14544467628002167,137.85714721679688,10.142288208007812,114.78571319580078,12.71502685546875,117.55000305175781,12.967048645019531,5.088878631591797,166.375,12.254714965820312,5.060728073120117
-0.21582114696502686,0.16421173512935638,170.875,10.084617614746094,110.8125,13.359054565429688,129.625,12.255104064941406,5.074803352355957,111.58333587646484,12.023391723632812,5.088878631591797
-0.22051291167736053,0.22051291167736053,166.75,10.396263122558594,116.39286041259766,13.159736633300781,133.9499969482422,13.20098876953125,5.0701117515563965,130.25,11.967300415039062,5.060728073120117
-0.1595199704170227,0.16890349984169006,137.67857360839844,10.135604858398438,167.75,13.270782470703125,97.83333587646484,13.081573486328125,5.079495429992676,109.04166412353516,12.03753662109375,5.060728073120117
-0.1360611617565155,0.16890349984169006,137.67857360839844,10.135604858398438,111.14286041259766,12.811309814453125,136.39999389648438,12.634635925292969,5.098262310028076,90.91666412353516,11.815681457519531,5.093570709228516
-0.15013644099235535,0.10321880877017975,125.39286041259766,10.493385314941406,123.78571319580078,13.098655700683594,129.4583282470703,10.498542785644531,5.065420150756836,92.0,12.025016784667969,5.041961193084717
-0.15013644099235535,0.20174585282802582,122.16666412353516,9.54443359375,123.78571319580078,13.098655700683594,120.45833587646484,12.689582824707031,5.140488147735596,107.3499984741211,12.418342590332031,5.093570709228516
-0.16890349984169006,0.14544467628002167,133.03125,10.198753356933594,107.09375,13.05517578125,120.45833587646484,12.689582824707031,5.140488147735596,96.875,12.328582763671875,5.079495429992676
-0.19705408811569214,0.14544467628002167,103.0,10.540718078613281,98.15625,13.238662719726562,121.125,12.750961303710938,5.088878631591797,152.4499969482422,12.060348510742188,5.093570709228516
-0.19705408811569214,0.2580470144748688,102.0625,10.574363708496094,98.15625,13.238662719726562,118.3499984741211,12.852958679199219,5.117029190063477,146.0,12.120758056640625,5.088878631591797
-0.23927995562553406,0.2064376175403595,95.02777862548828,10.492752075195312,147.3333282470703,13.01983642578125,118.3499984741211,12.852958679199219,5.117029190063477,106.16666412353516,12.07183837890625,5.093570709228516
-0.23927995562553406,0.2064376175403595,154.7857208251953,10.123954772949219,147.3333282470703,13.01983642578125,118.3499984741211,12.852958679199219,5.117029190063477,118.58333587646484,11.906661987304688,5.093570709228516
-0.11729410290718079,0.15482820570468903,161.7916717529297,10.150016784667969,149.2916717529297,13.140518188476562,145.60000610351562,12.488853454589844,5.117029190063477,118.58333587646484,11.906661987304688,5.093570709228516
-0.16890349984169006,0.15482820570468903,161.7916717529297,10.150016784667969,112.3125,13.21142578125,126.20833587646484,12.521980285644531,5.060728073120117,87.03571319580078,11.900932312011719,5.088878631591797
-0.16890349984169006,0.15482820570468903,161.7916717529297,10.150016784667969,144.9166717529297,12.947395324707031,117.41666412353516,12.991546630859375,5.079495429992676,87.03571319580078,11.900932312011719,5.088878631591797
-0.16890349984169006,0.15482820570468903,149.5357208251953,10.077865600585938,120.39286041259766,12.935684204101562,141.85000610351562,12.709701538085938,5.084187030792236,140.60000610351562,12.231803894042969,5.056036472320557
-0.20174585282802582,0.15482820570468903,149.5357208251953,10.077865600585938,131.7916717529297,13.4139404296875,153.39999389648438,12.660446166992188,5.079495429992676,140.60000610351562,12.231803894042969,5.056036472320557
-0.1360611617565155,0.1829787939786911,160.0833282470703,10.477630615234375,119.96428680419922,12.938568115234375,159.0,12.47845458984375,5.117029190063477,118.95833587646484,12.062705993652344,5.079495429992676
-0.1360611617565155,0.1829787939786911,160.0833282470703,10.477630615234375,25.75,27.33300018310547,149.64999389648438,12.779762268066406,5.0701117515563965,120.375,11.752151489257812,5.060728073120117
-0.17828702926635742,0.12667763233184814,161.875,10.251106262207031,161.4499969482422,13.240898132324219,150.5500030517578,12.718963623046875,5.065420150756836,143.5500030517578,11.741783142089844,5.056036472320557
-0.08445174992084503,0.12667763233184814,161.875,10.251106262207031,140.2916717529297,13.429718017578125,116.16666412353516,13.269119262695312,5.041961193084717,143.5500030517578,11.741783142089844,5.056036472320557
-0.15482820570468903,0.12667763233184814,147.0,9.838539123535156,152.9166717529297,13.081192016601562,141.4499969482422,12.988265991210938,5.060728073120117,141.14999389648438,12.001594543457031,5.046652793884277
-0.08445174992084503,0.10791057348251343,160.0,10.090827941894531,175.10000610351562,13.371826171875,118.70833587646484,12.957817077636719,5.074803352355957,107.54166412353516,12.367782592773438,5.046652793884277
-0.08445174992084503,0.15482820570468903,114.25,10.64178466796875,175.10000610351562,13.371826171875,126.58333587646484,12.458427429199219,5.060728073120117,107.54166412353516,12.367782592773438,5.046652793884277
-0.17828702926635742,0.20174585282802582,156.4166717529297,10.221664428710938,115.21428680419922,12.989311218261719,110.33333587646484,12.989654541015625,5.065420150756836,97.75,12.261558532714844,5.065420150756836
-0.17828702926635742,0.17359526455402374,115.59375,10.275398254394531,115.21428680419922,12.989311218261719,120.05000305175781,12.375022888183594,5.065420150756836,115.33333587646484,12.1195068359375,5.027885913848877
-0.19705408811569214,0.19705408811569214,151.0,9.967880249023438,125.78571319580078,13.181182861328125,145.0,12.830955505371094,5.041961193084717,131.8000030517578,12.035118103027344,5.056036472320557
-0.19705408811569214,0.19705408811569214,16.45833396911621,26.873809814453125,125.78571319580078,13.181182861328125,151.8000030517578,12.670608520507812,5.079495429992676,137.9499969482422,11.941352844238281,5.079495429992676
-0.08445174992084503,0.19705408811569214,131.17857360839844,10.196334838867188,106.82142639160156,13.013481140136719,115.33333587646484,12.981491088867188,5.065420150756836,136.9499969482422,12.058425903320312,5.046652793884277
-0.08445174992084503,0.1595199704170227,174.375,10.039016723632812,106.82142639160156,13.013481140136719,115.33333587646484,12.981491088867188,5.065420150756836,101.04166412353516,12.096153259277344,5.046652793884277
-0.19236232340335846,0.18767055869102478,135.0357208251953,10.467781066894531,123.375,13.212890625,128.75,12.673202514648438,5.102953910827637,122.79166412353516,11.997566223144531,5.1076459884643555
-0.2252046763896942,0.21112938225269318,181.2083282470703,9.869056701660156,111.42857360839844,13.044670104980469,143.75,12.740211486816406,5.126412868499756,124.41666412353516,11.736404418945312,5.117029190063477
-0.2252046763896942,0.21112938225269318,181.2083282470703,9.869056701660156,111.82142639160156,13.136260986328125,96.20833587646484,13.205078125,5.117029190063477,124.29166412353516,12.070121765136719,5.079495429992676
-0.17359526455402374,0.17828702926635742,149.2857208251953,9.549171447753906,121.75,12.902069091796875,131.75,12.791374206542969,5.046652793884277,150.6999969482422,11.840972900390625,5.037269592285156
-0.16890349984169006,0.16890349984169006,168.25,10.359649658203125,97.75,13.025413513183594,143.0,12.761070251464844,5.0701117515563965,148.9499969482422,12.001998901367188,5.051344871520996
-0.13136939704418182,0.14544467628002167,122.75,9.750350952148438,121.57142639160156,13.046142578125,114.0,12.782272338867188,5.023194313049316,145.25,12.004669189453125,5.018502235412598
-0.21582114696502686,0.16890349984169006,129.5,10.252235412597656,149.0833282470703,13.187187194824219,118.04166412353516,12.46624755859375,5.098262310028076,91.58333587646484,12.140007019042969,5.098262310028076
-0.19705408811569214,0.19705408811569214,117.89286041259766,10.506263732910156,145.4583282470703,13.157569885253906,118.04166412353516,12.46624755859375,5.098262310028076,137.0,11.788803100585938,5.046652793884277
-0.16890349984169006,0.16890349984169006,122.32142639160156,10.261039733886719,144.125,13.209793090820312,130.25,12.853279113769531,5.041961193084717,139.8000030517578,11.990959167480469,5.056036472320557
-0.16890349984169006,0.17828702926635742,126.03125,9.79644775390625,142.125,13.053451538085938,108.16666412353516,13.17999267578125,5.102953910827637,127.33333587646484,12.044013977050781,5.074803352355957
-0.16890349984169006,0.17828702926635742,126.03125,9.79644775390625,134.0,11.464881896972656,110.95833587646484,12.811676025390625,5.0701117515563965,119.54166412353516,11.902603149414062,5.084187030792236
-0.15013644099235535,0.11729410290718079,177.7083282470703,9.787399291992188,124.60713958740234,12.767448425292969,152.60000610351562,13.057327270507812,5.084187030792236,133.10000610351562,11.835891723632812,5.079495429992676
-0.15013644099235535,0.14075292646884918,154.14285278320312,9.911392211914062,141.0833282470703,12.971115112304688,120.125,12.641502380371094,5.056036472320557,108.33333587646484,12.165687561035156,5.051344871520996
-0.14075292646884918,0.1360611617565155,137.39285278320312,10.01824951171875,141.0833282470703,12.971115112304688,120.125,12.641502380371094,5.056036472320557,125.66666412353516,11.974014282226562,5.051344871520996
-0.13136939704418182,0.23458820581436157,120.82142639160156,10.533889770507812,144.9583282470703,12.923713684082031,120.125,12.641502380371094,5.056036472320557,125.66666412353516,11.974014282226562,5.051344871520996
-0.24397172033786774,0.14544467628002167,155.6666717529297,10.337921142578125,143.5833282470703,13.246536254882812,146.14999389648438,12.088348388671875,5.079495429992676,150.85000610351562,12.336067199707031,5.065420150756836
-0.15013644099235535,0.19705408811569214,134.60714721679688,9.801177978515625,135.4166717529297,13.131217956542969,120.375,12.673500061035156,5.084187030792236,131.6999969482422,11.913703918457031,5.079495429992676
-0.17828702926635742,0.19705408811569214,125.14286041259766,10.56573486328125,117.92857360839844,13.019798278808594,107.16666412353516,13.045700073242188,5.0701117515563965,110.29166412353516,12.126792907714844,5.037269592285156
-0.2252046763896942,0.19705408811569214,162.4583282470703,10.194961547851562,143.75,13.068618774414062,115.9000015258789,12.821990966796875,5.098262310028076,117.5,11.897125244140625,5.140488147735596
-0.14075292646884918,0.1829787939786911,135.39285278320312,9.85595703125,144.4583282470703,13.418159484863281,105.25,12.933448791503906,5.098262310028076,92.75,12.166152954101562,5.0701117515563965
-0.17359526455402374,0.12667763233184814,181.75,9.695732116699219,149.0,12.816299438476562,133.3333282470703,12.491966247558594,5.093570709228516,115.75,12.031784057617188,5.0701117515563965
-0.23927995562553406,0.28150585293769836,150.67857360839844,9.946846008300781,129.125,12.683685302734375,141.64999389648438,12.935691833496094,5.079495429992676,105.0,11.749717712402344,5.065420150756836
-0.23927995562553406,0.07506822049617767,140.92857360839844,10.266006469726562,129.125,12.683685302734375,110.66666412353516,13.137519836425781,5.074803352355957,128.3000030517578,12.085662841796875,5.0325775146484375
-0.2768140733242035,0.07037646323442459,130.8125,9.359199523925781,118.64286041259766,13.212554931640625,143.25,13.094955444335938,5.065420150756836,132.39999389648438,12.339073181152344,5.051344871520996
-0.21112938225269318,0.24397172033786774,150.89285278320312,10.199882507324219,125.66666412353516,13.3662109375,128.0500030517578,12.713676452636719,5.079495429992676,117.625,12.343223571777344,5.051344871520996
-0.21112938225269318,0.21112938225269318,157.0833282470703,10.324836730957031,94.5,10.038482666015625,114.0,13.189605712890625,5.0701117515563965,110.41666412353516,11.958564758300781,5.056036472320557
-0.21112938225269318,0.17828702926635742,171.625,9.857887268066406,148.0833282470703,13.177360534667969,114.0,13.189605712890625,5.0701117515563965,146.64999389648438,11.7921142578125,5.084187030792236
-0.21112938225269318,0.07975998520851135,105.02777862548828,10.078849792480469,148.0833282470703,13.177360534667969,114.0,13.189605712890625,5.0701117515563965,121.80000305175781,11.815376281738281,5.084187030792236
-0.14544467628002167,0.19236232340335846,141.89285278320312,9.981605529785156,122.42857360839844,12.944664001464844,120.1500015258789,13.132171630859375,5.093570709228516,122.79166412353516,11.873291015625,5.093570709228516
-0.14544467628002167,0.14544467628002167,144.17857360839844,10.039833068847656,115.67857360839844,13.033721923828125,142.89999389648438,13.147735595703125,5.046652793884277,129.5500030517578,11.942764282226562,5.0701117515563965
-0.14544467628002167,0.12198586016893387,134.7142791748047,9.836845397949219,115.67857360839844,13.033721923828125,123.83333587646484,12.865180969238281,5.060728073120117,126.41666412353516,11.964805603027344,5.0701117515563965
-0.12667763233184814,0.12198586016893387,134.7142791748047,9.836845397949219,112.90625,9.550819396972656,126.45833587646484,12.688377380371094,5.121721267700195,149.35000610351562,11.9105224609375,5.079495429992676
-0.12667763233184814,0.004691763781011105,153.625,10.068580627441406,112.90625,9.550819396972656,150.25,12.598869323730469,5.1076459884643555,147.25,12.08880615234375,5.112337589263916
-0.15013644099235535,0.13136939704418182,136.10714721679688,9.968154907226562,168.9499969482422,12.860450744628906,155.1999969482422,12.501014709472656,5.079495429992676,127.20833587646484,11.831077575683594,5.079495429992676
-0.15013644099235535,0.13136939704418182,136.10714721679688,9.968154907226562,21.678571701049805,27.460975646972656,126.0,12.855125427246094,5.046652793884277,138.75,12.112747192382812,5.065420150756836
-0.15013644099235535,0.13136939704418182,132.1875,9.672523498535156,21.678571701049805,27.460975646972656,112.125,13.286727905273438,5.065420150756836,105.79166412353516,12.399925231933594,5.023194313049316
-0.15013644099235535,0.20174585282802582,142.8333282470703,10.4317626953125,116.14286041259766,13.216911315917969,132.1999969482422,13.175834655761719,5.051344871520996,138.4499969482422,12.169151306152344,5.023194313049316
-0.16421173512935638,0.08445174992084503,128.78125,9.995384216308594,130.625,13.2000732421875,101.625,13.045677185058594,5.102953910827637,89.70833587646484,12.245597839355469,5.126412868499756
-0.2533552646636963,0.08445174992084503,172.3333282470703,9.836868286132812,147.5833282470703,13.048263549804688,101.625,13.045677185058594,5.102953910827637,122.83333587646484,11.925506591796875,5.084187030792236
-0.24866348505020142,0.29088935256004333,123.32142639160156,10.47900390625,115.0,13.278427124023438,104.0,13.093582153320312,5.013810634613037,122.83333587646484,11.925506591796875,5.084187030792236
-0.24866348505020142,0.13136939704418182,132.125,9.332054138183594,86.25,12.346778869628906,125.33333587646484,12.617317199707031,5.046652793884277,113.75,12.108558654785156,5.065420150756836
-0.15482820570468903,0.2252046763896942,135.2857208251953,9.9359130859375,113.71428680419922,12.928276062011719,125.33333587646484,12.617317199707031,5.046652793884277,113.75,12.108558654785156,5.065420150756836
-0.16421173512935638,0.09852704405784607,131.17857360839844,10.135009765625,116.53571319580078,12.739280700683594,146.14999389648438,12.703941345214844,5.060728073120117,107.79166412353516,9.316909790039062,5.065420150756836
-0.10321880877017975,0.15013644099235535,118.84375,10.064987182617188,171.5500030517578,13.083900451660156,150.89999389648438,12.51580810546875,5.102953910827637,110.42857360839844,9.210670471191406,5.074803352355957
-0.10321880877017975,0.09852704405784607,186.4166717529297,9.621856689453125,171.5500030517578,13.083900451660156,122.58333587646484,12.87261962890625,5.088878631591797,89.625,12.207603454589844,5.1076459884643555
-0.10321880877017975,0.09852704405784607,182.5416717529297,9.582878112792969,171.5500030517578,13.083900451660156,140.14999389648438,12.918060302734375,5.056036472320557,117.8499984741211,12.465278625488281,5.074803352355957
-0.2533552646636963,0.19236232340335846,153.4166717529297,10.301376342773438,106.75,9.015571594238281,140.14999389648438,12.918060302734375,5.056036472320557,147.10000610351562,12.1090087890625,5.0701117515563965
-0.17828702926635742,0.19236232340335846,153.4166717529297,10.301376342773438,94.16666412353516,12.723060607910156,97.33333587646484,12.857887268066406,5.102953910827637,149.14999389648438,12.016189575195312,5.135796546936035
-0.10791057348251343,0.07975998520851135,132.39285278320312,10.169143676757812,136.9166717529297,13.127059936523438,122.125,12.726394653320312,5.126412868499756,131.0,11.955345153808594,5.1076459884643555
-0.15482820570468903,0.07975998520851135,132.39285278320312,10.169143676757812,142.25,13.436408996582031,153.39999389648438,12.718795776367188,5.084187030792236,131.0,11.955345153808594,5.1076459884643555
-0.15482820570468903,0.13136939704418182,178.25,9.72821044921875,133.125,13.090255737304688,126.20833587646484,12.975547790527344,5.060728073120117,121.58333587646484,11.933624267578125,5.060728073120117
-0.15482820570468903,0.20174585282802582,136.0625,9.718246459960938,141.7916717529297,13.057624816894531,129.1666717529297,12.600471496582031,5.088878631591797,105.30000305175781,12.144027709960938,5.1076459884643555
-0.19705408811569214,0.17828702926635742,133.125,9.854881286621094,107.17857360839844,13.255950927734375,114.16666412353516,12.781044006347656,5.079495429992676,90.29166412353516,12.352249145507812,5.0701117515563965
-0.15013644099235535,0.20174585282802582,154.7916717529297,9.953262329101562,135.6666717529297,12.866531372070312,141.9499969482422,12.81390380859375,5.088878631591797,98.05000305175781,12.708152770996094,5.098262310028076
-0.15013644099235535,0.15013644099235535,158.5,10.460617065429688,135.6666717529297,12.866531372070312,127.94999694824219,13.16290283203125,5.102953910827637,145.9499969482422,11.703468322753906,5.098262310028076
-0.15013644099235535,0.15013644099235535,120.0,10.447525024414062,135.6666717529297,12.866531372070312,143.89999389648438,12.930335998535156,5.0701117515563965,103.66666412353516,12.084976196289062,5.074803352355957
-0.24397172033786774,0.24397172033786774,145.5,9.956748962402344,129.4166717529297,13.228065490722656,140.5500030517578,13.045143127441406,5.041961193084717,118.20833587646484,11.997322082519531,5.065420150756836
-0.16890349984169006,0.2064376175403595,133.17857360839844,10.389678955078125,137.5416717529297,12.867958068847656,190.6875,12.515243530273438,5.0701117515563965,111.69999694824219,12.420738220214844,5.093570709228516
-0.11729410290718079,0.1595199704170227,135.5,10.273704528808594,150.5416717529297,12.953056335449219,119.95833587646484,12.993675231933594,5.051344871520996,147.10000610351562,12.14599609375,5.056036472320557
-0.10321880877017975,0.1126023381948471,144.5357208251953,10.072616577148438,126.91666412353516,12.838119506835938,145.5,12.919105529785156,5.1076459884643555,78.04166412353516,12.353935241699219,5.093570709228516
-0.10321880877017975,0.10791057348251343,116.88888549804688,9.698471069335938,133.6666717529297,12.975486755371094,129.1666717529297,12.712348937988281,5.088878631591797,140.14999389648438,12.208206176757812,5.1076459884643555
-0.14544467628002167,0.14075292646884918,133.92857360839844,10.010482788085938,122.79166412353516,13.2738037109375,142.6999969482422,12.901329040527344,5.074803352355957,139.0,12.039222717285156,5.056036472320557
-0.2580470144748688,0.22051291167736053,147.35714721679688,9.885719299316406,117.25,13.232643127441406,122.79166412353516,12.815994262695312,5.060728073120117,106.66666412353516,11.928260803222656,5.084187030792236
-0.2580470144748688,0.2252046763896942,161.0,9.928672790527344,113.625,9.869338989257812,153.0,12.501091003417969,5.112337589263916,131.1999969482422,12.045166015625,5.088878631591797
-0.11729410290718079,0.15013644099235535,160.125,10.259712219238281,136.2083282470703,13.151046752929688,127.58333587646484,12.703704833984375,5.060728073120117,131.1999969482422,12.045166015625,5.088878631591797
-0.2955811321735382,0.15013644099235535,147.92857360839844,9.945358276367188,125.71428680419922,12.992523193359375,139.39999389648438,12.951187133789062,5.065420150756836,142.75,11.773361206054688,5.065420150756836
-0.2955811321735382,0.272122323513031,142.85714721679688,10.232315063476562,125.71428680419922,12.992523193359375,112.58333587646484,12.662742614746094,5.056036472320557,137.89999389648438,12.015769958496094,5.041961193084717
-0.1126023381948471,0.12198586016893387,140.64285278320312,10.3731689453125,117.0,13.354423522949219,133.0,12.890357971191406,5.0701117515563965,137.89999389648438,12.015769958496094,5.041961193084717
-0.13136939704418182,0.09383527934551239,155.3333282470703,10.456375122070312,126.39286041259766,13.3577880859375,132.9499969482422,13.161026000976562,5.0701117515563965,137.89999389648438,12.015769958496094,5.041961193084717
-0.1126023381948471,0.09383527934551239,155.3333282470703,10.456375122070312,106.21875,13.035873413085938,132.9499969482422,13.161026000976562,5.0701117515563965,132.0500030517578,12.337165832519531,5.0325775146484375
-0.14075292646884918,0.26743054389953613,169.8333282470703,9.961395263671875,137.25,12.930877685546875,136.4499969482422,13.144805908203125,5.041961193084717,140.14999389648438,12.32232666015625,5.046652793884277
-0.26273879408836365,0.13136939704418182,148.0357208251953,10.151931762695312,113.07142639160156,12.992729187011719,136.4499969482422,13.144805908203125,5.041961193084717,142.9499969482422,12.025917053222656,5.046652793884277
-0.1360611617565155,0.13136939704418182,174.2083282470703,9.543006896972656,100.82142639160156,12.543373107910156,96.95833587646484,13.25567626953125,5.065420150756836,142.9499969482422,12.025917053222656,5.046652793884277
-0.1360611617565155,0.13136939704418182,174.2083282470703,9.543006896972656,105.90625,13.163246154785156,140.14999389648438,12.882568359375,5.065420150756836,145.64999389648438,12.0400390625,5.056036472320557
-0.12667763233184814,0.16890349984169006,126.9375,10.230087280273438,132.0,12.687118530273438,126.75,12.849273681640625,5.088878631591797,115.04166412353516,12.068313598632812,5.056036472320557
-0.08914351463317871,0.1360611617565155,126.8125,10.06488037109375,109.0625,13.08038330078125,115.0,13.399032592773438,5.093570709228516,92.41666412353516,12.517295837402344,5.102953910827637
-0.08914351463317871,0.17828702926635742,144.42857360839844,10.179283142089844,150.875,13.076591491699219,126.16666412353516,12.721443176269531,5.0701117515563965,118.4000015258789,11.596527099609375,5.060728073120117
-0.15013644099235535,0.3190399408340454,150.10714721679688,10.05010986328125,130.0,13.279129028320312,130.0,12.766555786132812,5.112337589263916,95.58333587646484,11.943008422851562,5.088878631591797
-0.15013644099235535,0.3190399408340454,141.6666717529297,10.487274169921875,130.0,13.279129028320312,125.875,12.910362243652344,5.093570709228516,113.04166412353516,12.255691528320312,5.102953910827637
-0.24866348505020142,0.20174585282802582,106.05555725097656,10.11614990234375,109.28125,13.00982666015625,125.875,12.910362243652344,5.093570709228516,103.30000305175781,12.264045715332031,5.121721267700195
-0.1829787939786911,0.22051291167736053,142.7083282470703,10.536651611328125,132.1666717529297,13.197425842285156,125.875,12.910362243652344,5.093570709228516,123.58333587646484,11.98773193359375,5.121721267700195
-0.23927995562553406,0.2064376175403595,148.17857360839844,9.792182922363281,171.39999389648438,13.168441772460938,112.625,12.910232543945312,5.093570709228516,94.58333587646484,11.799827575683594,5.121721267700195
-0.16890349984169006,0.14544467628002167,129.60714721679688,10.439193725585938,108.14286041259766,13.355842590332031,153.85000610351562,12.797920227050781,5.112337589263916,141.4499969482422,11.951210021972656,5.084187030792236
-0.042225874960422516,0.06568469852209091,144.1666717529297,10.592826843261719,142.5833282470703,13.016891479492188,153.0,13.103866577148438,5.084187030792236,142.35000610351562,11.865791320800781,5.079495429992676
-0.042225874960422516,0.06568469852209091,144.1666717529297,10.592826843261719,113.28571319580078,13.001564025878906,120.45833587646484,12.476722717285156,5.088878631591797,153.10000610351562,11.835578918457031,5.093570709228516
-0.24397172033786774,0.21112938225269318,123.67857360839844,10.171669006347656,114.85713958740234,13.173591613769531,107.83333587646484,12.665107727050781,5.084187030792236,122.25,11.847442626953125,5.065420150756836
-0.10791057348251343,0.12667763233184814,135.17857360839844,10.240150451660156,114.53571319580078,12.976493835449219,125.16666412353516,12.605865478515625,5.0701117515563965,148.14999389648438,12.079666137695312,5.112337589263916
-0.10791057348251343,0.14075292646884918,152.64285278320312,10.06536865234375,114.53571319580078,12.976493835449219,125.16666412353516,12.605865478515625,5.0701117515563965,98.58333587646484,12.11114501953125,5.112337589263916
-0.16421173512935638,0.14075292646884918,151.42857360839844,9.969032287597656,127.85713958740234,9.434226989746094,125.16666412353516,12.605865478515625,5.0701117515563965,118.79166412353516,11.9725341796875,5.112337589263916
-0.16421173512935638,0.16890349984169006,133.5357208251953,10.624778747558594,127.85713958740234,9.434226989746094,116.83333587646484,13.360565185546875,5.046652793884277,127.05000305175781,12.169456481933594,5.065420150756836
-0.19236232340335846,0.2298964411020279,135.8125,9.761077880859375,128.10714721679688,13.20806884765625,150.1999969482422,12.717208862304688,5.093570709228516,104.08333587646484,11.969131469726562,5.056036472320557
-0.19236232340335846,0.1829787939786911,152.4642791748047,10.216262817382812,128.10714721679688,13.20806884765625,117.125,13.0509033203125,5.065420150756836,140.89999389648438,12.063400268554688,5.074803352355957
-0.16890349984169006,0.16421173512935638,137.2857208251953,10.164443969726562,138.75,12.99005126953125,117.125,13.0509033203125,5.065420150756836,148.89999389648438,12.141357421875,5.056036472320557
-0.20174585282802582,0.16421173512935638,137.2857208251953,10.164443969726562,104.28125,13.045158386230469,142.14999389648438,12.715782165527344,5.098262310028076,118.80000305175781,12.338005065917969,5.079495429992676
-0.1829787939786911,0.21582114696502686,153.89285278320312,9.915740966796875,119.64286041259766,12.798042297363281,144.39999389648438,12.760902404785156,5.051344871520996,101.0,12.276130676269531,5.0325775146484375
-0.2298964411020279,0.21582114696502686,153.89285278320312,9.915740966796875,121.57142639160156,12.893547058105469,141.25,12.774765014648438,5.0701117515563965,125.25,12.144783020019531,5.084187030792236
-0.2298964411020279,0.16421173512935638,175.125,10.155158996582031,148.7916717529297,13.400390625,141.25,12.774765014648438,5.0701117515563965,102.91666412353516,12.48870849609375,5.060728073120117
-0.16421173512935638,0.16421173512935638,175.125,10.155158996582031,108.42857360839844,12.762283325195312,111.29166412353516,12.712982177734375,5.051344871520996,131.39999389648438,12.080253601074219,5.0701117515563965
-0.16421173512935638,0.2064376175403595,145.75,10.087348937988281,108.42857360839844,12.762283325195312,113.875,12.786285400390625,5.098262310028076,111.44999694824219,12.281044006347656,5.0701117515563965
-0.16421173512935638,0.09383527934551239,145.57142639160156,10.556083679199219,131.875,12.746780395507812,147.14999389648438,12.761421203613281,5.065420150756836,105.375,12.254379272460938,5.088878631591797
-0.060992930084466934,0.09383527934551239,145.57142639160156,10.556083679199219,122.07142639160156,12.987373352050781,143.75,13.055458068847656,5.051344871520996,139.3000030517578,11.943374633789062,5.051344871520996
-0.13136939704418182,0.07037646323442459,118.15625,10.160530090332031,125.0,13.041046142578125,143.75,13.055458068847656,5.051344871520996,139.3000030517578,11.943374633789062,5.051344871520996
-0.13136939704418182,0.07037646323442459,118.15625,10.160530090332031,121.53571319580078,13.084503173828125,143.75,13.055458068847656,5.051344871520996,139.3000030517578,11.943374633789062,5.051344871520996
-0.17359526455402374,0.14544467628002167,160.67857360839844,9.993118286132812,115.20833587646484,13.128471374511719,135.75,12.884292602539062,5.088878631591797,109.83333587646484,12.257423400878906,5.046652793884277
-0.13136939704418182,0.10791057348251343,117.0625,10.118995666503906,104.0,12.598258972167969,125.45833587646484,12.059539794921875,5.074803352355957,134.5500030517578,11.920967102050781,5.046652793884277
-0.09852704405784607,0.10791057348251343,117.0625,10.118995666503906,128.125,11.458511352539062,152.39999389648438,12.838546752929688,5.088878631591797,103.58333587646484,11.958366394042969,5.060728073120117
-0.10321880877017975,0.10791057348251343,133.46875,9.926231384277344,101.78571319580078,13.190704345703125,153.75,12.471687316894531,5.102953910827637,125.25,11.97430419921875,5.079495429992676
-0.17828702926635742,0.17828702926635742,140.2857208251953,10.186149597167969,103.9375,12.706192016601562,153.3000030517578,12.717361450195312,5.074803352355957,102.91666412353516,12.108695983886719,5.102953910827637
-0.17828702926635742,0.1360611617565155,188.10000610351562,10.259788513183594,103.9375,12.706192016601562,135.10000610351562,13.168502807617188,5.037269592285156,148.64999389648438,11.894561767578125,5.102953910827637
-0.10791057348251343,0.24866348505020142,180.5,9.97216796875,147.2916717529297,13.209213256835938,156.0500030517578,12.802925109863281,5.112337589263916,106.5,12.071975708007812,5.074803352355957
-0.2298964411020279,0.07037646323442459,137.42857360839844,10.281845092773438,157.4583282470703,9.905502319335938,156.0500030517578,12.802925109863281,5.112337589263916,120.83333587646484,11.9544677734375,5.112337589263916
-0.2298964411020279,0.272122323513031,138.60714721679688,10.448585510253906,137.625,13.288497924804688,112.75,13.0880126953125,5.093570709228516,129.35000610351562,12.439529418945312,5.065420150756836
-0.23458820581436157,0.1829787939786911,153.35714721679688,7.2718505859375,98.53125,12.93194580078125,143.5500030517578,12.870994567871094,5.088878631591797,129.35000610351562,12.439529418945312,5.065420150756836
-0.23458820581436157,0.1829787939786911,153.35714721679688,7.2718505859375,120.5,13.096382141113281,150.14999389648438,12.858383178710938,5.060728073120117,138.14999389648438,12.240203857421875,5.102953910827637
-0.1126023381948471,0.1360611617565155,144.57142639160156,10.323577880859375,137.75,13.293807983398438,113.91666412353516,13.240020751953125,5.088878631591797,147.1999969482422,12.297592163085938,5.060728073120117
-0.1829787939786911,0.14075292646884918,149.17857360839844,10.295372009277344,125.71428680419922,12.927139282226562,91.66666412353516,13.296295166015625,5.117029190063477,122.6500015258789,12.252609252929688,5.093570709228516
-0.1829787939786911,0.14075292646884918,149.17857360839844,10.295372009277344,123.16666412353516,12.724510192871094,121.05000305175781,13.049606323242188,5.074803352355957,117.4000015258789,12.499275207519531,5.037269592285156
-0.10791057348251343,0.11729410290718079,151.7142791748047,10.0709228515625,119.78571319580078,13.005416870117188,122.95833587646484,12.876014709472656,5.131104469299316,143.85000610351562,12.647560119628906,5.112337589263916
-0.16890349984169006,0.14075292646884918,115.71875,9.837959289550781,153.2916717529297,12.974510192871094,131.1999969482422,13.089881896972656,5.079495429992676,115.45833587646484,12.437538146972656,5.121721267700195
-0.16890349984169006,0.1829787939786911,148.9642791748047,10.22418212890625,153.2916717529297,12.974510192871094,113.70833587646484,12.868118286132812,5.112337589263916,115.45833587646484,12.437538146972656,5.121721267700195
-0.16890349984169006,0.1829787939786911,129.9375,9.974189758300781,153.2916717529297,12.974510192871094,148.64999389648438,12.697540283203125,5.074803352355957,150.4499969482422,12.085777282714844,5.1076459884643555
-0.15482820570468903,0.1829787939786911,149.75,10.350753784179688,164.75,12.9674072265625,148.64999389648438,12.697540283203125,5.074803352355957,150.4499969482422,12.085777282714844,5.1076459884643555
-0.09852704405784607,0.24866348505020142,173.9166717529297,9.994781494140625,135.875,12.8895263671875,83.58333587646484,12.966331481933594,5.145179748535156,150.4499969482422,12.085777282714844,5.1076459884643555
-0.1360611617565155,0.24866348505020142,133.15625,9.921951293945312,120.92857360839844,12.858695983886719,110.70833587646484,13.032646179199219,5.079495429992676,100.0999984741211,12.247947692871094,5.098262310028076
-0.1360611617565155,0.14544467628002167,159.5833282470703,10.169044494628906,142.5416717529297,13.357528686523438,110.70833587646484,13.032646179199219,5.079495429992676,124.125,11.87969970703125,5.074803352355957
-0.13136939704418182,0.14544467628002167,173.9166717529297,10.2294921875,130.25,13.183708190917969,103.45833587646484,12.713455200195312,5.117029190063477,121.58333587646484,11.752525329589844,5.102953910827637
-0.1829787939786911,0.11729410290718079,171.1666717529297,10.062141418457031,128.0357208251953,13.1134033203125,150.3000030517578,13.011077880859375,5.088878631591797,155.3000030517578,11.900177001953125,5.117029190063477
-0.1829787939786911,0.11729410290718079,171.1666717529297,10.062141418457031,131.39285278320312,10.535682678222656,150.3000030517578,13.011077880859375,5.088878631591797,122.91666412353516,11.990272521972656,5.0701117515563965
-0.20174585282802582,0.11729410290718079,158.5,10.054244995117188,124.32142639160156,12.963905334472656,150.3000030517578,13.011077880859375,5.088878631591797,121.1500015258789,12.307319641113281,5.0701117515563965
-0.20174585282802582,0.11729410290718079,158.5,10.054244995117188,124.32142639160156,12.963905334472656,148.3000030517578,12.8375244140625,5.056036472320557,121.1500015258789,12.307319641113281,5.0701117515563965
-0.20174585282802582,0.10791057348251343,131.7857208251953,9.925895690917969,124.92857360839844,13.241348266601562,102.375,13.285316467285156,5.041961193084717,109.79166412353516,11.977241516113281,5.041961193084717
-0.16421173512935638,0.2533552646636963,122.64286041259766,10.750846862792969,108.39286041259766,13.355262756347656,122.45833587646484,12.682525634765625,5.112337589263916,115.625,12.3221435546875,5.056036472320557
-0.26273879408836365,0.21112938225269318,129.3333282470703,10.699569702148438,114.28571319580078,13.159599304199219,130.6999969482422,13.082260131835938,5.117029190063477,139.10000610351562,11.980278015136719,5.126412868499756
-0.2064376175403595,0.16890349984169006,133.40625,9.937088012695312,114.28571319580078,13.159599304199219,153.1999969482422,12.801277160644531,5.102953910827637,119.0,12.058677673339844,5.079495429992676
-0.12198586016893387,0.19236232340335846,134.40625,9.844619750976562,121.60713958740234,13.0675048828125,123.54166412353516,12.701622009277344,5.056036472320557,119.0,12.058677673339844,5.079495429992676
-0.1595199704170227,0.1595199704170227,148.85714721679688,10.126350402832031,105.3125,12.870552062988281,128.1666717529297,12.5814208984375,5.046652793884277,135.6999969482422,12.272171020507812,5.060728073120117
-0.2064376175403595,0.18767055869102478,128.32142639160156,10.570655822753906,126.79166412353516,13.336402893066406,157.3000030517578,12.605918884277344,5.098262310028076,151.9499969482422,11.779556274414062,5.060728073120117
-0.12198586016893387,0.18767055869102478,128.32142639160156,10.570655822753906,105.09375,12.923187255859375,123.58333587646484,12.825935363769531,5.0325775146484375,106.4000015258789,12.594810485839844,5.056036472320557
-0.16421173512935638,0.1360611617565155,146.64285278320312,9.708572387695312,141.0416717529297,12.973983764648438,123.58333587646484,12.825935363769531,5.0325775146484375,106.4000015258789,12.594810485839844,5.056036472320557
-0.11729410290718079,0.1595199704170227,149.64285278320312,10.018661499023438,122.75,12.767791748046875,147.0,12.757240295410156,5.098262310028076,186.0,12.033920288085938,5.074803352355957
-0.16890349984169006,0.17359526455402374,155.6666717529297,10.180213928222656,113.64286041259766,12.885597229003906,147.0,12.757240295410156,5.098262310028076,149.5,12.34368896484375,5.1076459884643555
-0.16890349984169006,0.17359526455402374,155.6666717529297,10.180213928222656,115.46428680419922,13.311943054199219,187.4375,12.772148132324219,5.065420150756836,150.1999969482422,11.764366149902344,5.121721267700195
-0.14075292646884918,0.08445174992084503,118.53125,10.057914733886719,134.75,13.127761840820312,130.5416717529297,12.866683959960938,5.056036472320557,105.375,12.091018676757812,5.0701117515563965
-0.14075292646884918,0.08445174992084503,118.53125,10.057914733886719,138.8333282470703,13.123725891113281,102.16666412353516,12.993194580078125,5.0701117515563965,108.25,12.374412536621094,5.088878631591797
-0.14075292646884918,0.2955811321735382,107.08333587646484,5.6357879638671875,138.8333282470703,13.123725891113281,93.08333587646484,13.1558837890625,5.0701117515563965,108.28571319580078,11.693870544433594,5.079495429992676
-0.3002728819847107,0.23927995562553406,157.10714721679688,9.813926696777344,97.21875,13.054550170898438,93.08333587646484,13.1558837890625,5.0701117515563965,108.28571319580078,11.693870544433594,5.079495429992676
-0.24397172033786774,0.23927995562553406,157.0357208251953,9.947441101074219,98.33333587646484,8.5146484375,114.125,13.066146850585938,5.088878631591797,99.625,12.289443969726562,5.093570709228516
-0.24397172033786774,0.23927995562553406,157.0357208251953,9.947441101074219,129.14285278320312,12.919692993164062,128.8333282470703,12.846839904785156,5.074803352355957,168.0,11.748306274414062,5.0701117515563965
-0.24397172033786774,0.16421173512935638,150.35714721679688,10.090675354003906,130.5416717529297,13.112594604492188,118.29166412353516,13.106758117675781,5.056036472320557,98.25,12.33392333984375,5.084187030792236
-0.18767055869102478,0.14544467628002167,142.7142791748047,10.469902038574219,96.75,12.791374206542969,118.29166412353516,13.106758117675781,5.056036472320557,123.5999984741211,12.346031188964844,5.0701117515563965
-0.18767055869102478,0.2064376175403595,134.2142791748047,10.304656982421875,114.42857360839844,13.153945922851562,127.5,12.562057495117188,5.074803352355957,145.0500030517578,12.362892150878906,5.084187030792236
-0.1595199704170227,0.2064376175403595,134.2142791748047,10.304656982421875,140.6666717529297,12.96246337890625,112.83333587646484,12.832450866699219,5.051344871520996,109.75,12.197166442871094,5.084187030792236
-0.2252046763896942,0.17359526455402374,129.75,10.66119384765625,120.35713958740234,13.165679931640625,112.83333587646484,12.832450866699219,5.051344871520996,133.14999389648438,12.170944213867188,5.018502235412598
-0.20174585282802582,0.2298964411020279,146.75,10.174171447753906,124.91666412353516,13.263473510742188,154.3000030517578,12.858001708984375,5.051344871520996,127.1500015258789,12.302726745605469,5.018502235412598
-0.19705408811569214,0.08914351463317871,156.32142639160156,10.031929016113281,122.25,12.868751525878906,155.8000030517578,12.805343627929688,5.084187030792236,170.0625,12.430747985839844,5.084187030792236
-0.23927995562553406,0.22051291167736053,178.0833282470703,10.016639709472656,110.5,13.336196899414062,129.2916717529297,12.929779052734375,5.060728073120117,102.70833587646484,12.498573303222656,5.041961193084717
-0.06568469852209091,0.2064376175403595,142.7857208251953,10.004470825195312,144.5833282470703,13.35223388671875,129.2916717529297,12.929779052734375,5.060728073120117,126.5999984741211,12.293441772460938,5.0701117515563965
-0.051609404385089874,0.060992930084466934,137.0357208251953,10.198257446289062,148.4583282470703,13.1517333984375,129.2916717529297,12.929779052734375,5.060728073120117,126.5999984741211,12.293441772460938,5.0701117515563965
-0.19236232340335846,0.07975998520851135,151.4642791748047,9.535385131835938,121.07142639160156,12.978729248046875,146.0500030517578,12.747474670410156,5.060728073120117,113.29166412353516,11.917495727539062,5.051344871520996
-0.21582114696502686,0.1360611617565155,112.19444274902344,10.183494567871094,144.75,13.1446533203125,127.91666412353516,12.552764892578125,5.027885913848877,130.89999389648438,11.838340759277344,5.0325775146484375
-0.1360611617565155,0.19236232340335846,146.67857360839844,10.140052795410156,146.125,13.092933654785156,150.35000610351562,12.625503540039062,5.027885913848877,105.5,12.300590515136719,5.0325775146484375
-0.1360611617565155,0.2064376175403595,157.0,10.033927917480469,122.75,12.83941650390625,188.0625,12.70440673828125,5.093570709228516,126.375,12.0137939453125,5.079495429992676
-0.17828702926635742,0.2064376175403595,157.0,10.033927917480469,173.9499969482422,13.416969299316406,116.16666412353516,12.687080383300781,5.079495429992676,136.9499969482422,12.241539001464844,5.0701117515563965
-0.19705408811569214,0.18767055869102478,183.6666717529297,9.643821716308594,138.9166717529297,12.978736877441406,136.4499969482422,12.748687744140625,5.060728073120117,158.0,12.0223388671875,5.056036472320557
-0.2580470144748688,0.26273879408836365,152.25,9.951377868652344,116.53571319580078,12.976715087890625,101.5,13.196189880371094,5.084187030792236,100.16666412353516,12.273712158203125,5.056036472320557
-0.07037646323442459,0.07506822049617767,157.85714721679688,9.955619812011719,108.82142639160156,12.650253295898438,121.16666412353516,12.879020690917969,5.084187030792236,147.0,12.2950439453125,5.056036472320557
-0.07037646323442459,0.07506822049617767,157.85714721679688,9.955619812011719,108.82142639160156,12.650253295898438,140.39999389648438,12.862380981445312,5.037269592285156,147.0,12.2950439453125,5.056036472320557
-0.12667763233184814,0.12667763233184814,124.1875,10.177444458007812,119.82142639160156,12.844200134277344,139.25,13.006912231445312,5.0701117515563965,120.69999694824219,12.758392333984375,5.065420150756836
-0.11729410290718079,0.12667763233184814,153.7142791748047,10.078956604003906,113.17857360839844,12.585739135742188,117.0,13.151664733886719,5.112337589263916,146.35000610351562,11.964279174804688,5.117029190063477
-0.1126023381948471,0.1360611617565155,157.82142639160156,9.859298706054688,141.3333282470703,12.831642150878906,128.7083282470703,12.615745544433594,5.135796546936035,146.35000610351562,11.964279174804688,5.117029190063477
-0.16890349984169006,0.1126023381948471,123.5625,10.196357727050781,137.0833282470703,12.914627075195312,111.66666412353516,12.919120788574219,5.056036472320557,116.9000015258789,12.633514404296875,5.098262310028076
-0.12198586016893387,0.17359526455402374,133.5,9.747184753417969,119.29166412353516,13.211204528808594,111.66666412353516,12.919120788574219,5.056036472320557,126.6500015258789,12.150924682617188,5.051344871520996
-0.15482820570468903,0.15013644099235535,135.71875,9.87054443359375,120.46428680419922,12.883476257324219,124.5999984741211,12.953224182128906,5.084187030792236,160.8125,12.3414306640625,5.084187030792236
-0.1829787939786911,0.18767055869102478,149.2857208251953,9.756103515625,143.4166717529297,13.06536865234375,138.39999389648438,12.660011291503906,5.074803352355957,125.25,11.853546142578125,5.117029190063477
-0.1829787939786911,0.16890349984169006,123.96428680419922,10.701995849609375,126.03571319580078,13.1435546875,160.1999969482422,12.921890258789062,5.117029190063477,100.58333587646484,12.254798889160156,5.084187030792236
-0.19705408811569214,0.16890349984169006,123.96428680419922,10.701995849609375,137.7083282470703,13.127655029296875,152.10000610351562,12.715484619140625,5.088878631591797,95.08333587646484,12.315841674804688,5.065420150756836
-0.1360611617565155,0.2298964411020279,170.4166717529297,10.1541748046875,120.85713958740234,12.899833679199219,156.89999389648438,12.659629821777344,5.0701117515563965,95.08333587646484,12.315841674804688,5.065420150756836
-0.26743054389953613,0.15013644099235535,124.82142639160156,10.604080200195312,108.53571319580078,13.082931518554688,154.64999389648438,12.873497009277344,5.041961193084717,140.4499969482422,12.135391235351562,5.056036472320557
-0.26743054389953613,0.16890349984169006,154.0833282470703,10.042922973632812,119.41666412353516,13.143936157226562,154.64999389648438,12.873497009277344,5.041961193084717,137.39999389648438,12.141708374023438,5.041961193084717
-0.15482820570468903,0.15482820570468903,169.2083282470703,10.049545288085938,99.21875,12.6409912109375,155.5500030517578,12.8509521484375,5.041961193084717,127.25,12.060401916503906,5.074803352355957
-0.14544467628002167,0.09852704405784607,180.7083282470703,9.9329833984375,101.10713958740234,12.755332946777344,109.54166412353516,12.822746276855469,5.060728073120117,115.30000305175781,12.094490051269531,5.0701117515563965
-0.21582114696502686,0.21582114696502686,152.42857360839844,10.097412109375,93.40625,13.039749145507812,105.91666412353516,13.033721923828125,5.023194313049316,135.9499969482422,12.011405944824219,5.0701117515563965
-0.14544467628002167,0.1595199704170227,143.17857360839844,10.133872985839844,172.9499969482422,12.967086791992188,113.04166412353516,12.988487243652344,5.037269592285156,149.85000610351562,12.145492553710938,5.037269592285156
-0.14544467628002167,0.1595199704170227,130.85714721679688,10.183242797851562,147.5,13.2396240234375,113.375,13.103279113769531,5.084187030792236,111.125,11.782127380371094,5.0701117515563965
-0.14544467628002167,0.1595199704170227,130.85714721679688,10.183242797851562,114.03125,12.780029296875,132.5,13.00250244140625,5.079495429992676,94.83333587646484,12.105690002441406,5.102953910827637
-0.14544467628002167,0.1595199704170227,130.85714721679688,10.183242797851562,142.4166717529297,12.38043212890625,151.75,12.885238647460938,5.079495429992676,116.25,12.292556762695312,5.093570709228516
-0.14544467628002167,0.1595199704170227,138.9375,10.006996154785156,102.96875,12.891433715820312,151.75,12.885238647460938,5.079495429992676,111.5,12.558387756347656,5.065420150756836
-0.14544467628002167,0.1595199704170227,138.9375,10.006996154785156,102.96875,12.891433715820312,132.75,12.937393188476562,5.056036472320557,103.3499984741211,12.458572387695312,5.098262310028076
-0.16890349984169006,0.17359526455402374,142.42857360839844,10.117088317871094,135.25,13.162345886230469,132.75,12.937393188476562,5.056036472320557,103.3499984741211,12.458572387695312,5.098262310028076
-0.17828702926635742,0.19705408811569214,153.14285278320312,10.126197814941406,143.0416717529297,13.453941345214844,153.1999969482422,12.802482604980469,5.088878631591797,120.5,12.284271240234375,5.084187030792236
-0.2580470144748688,0.2580470144748688,129.0,10.66607666015625,120.42857360839844,13.142059326171875,143.6999969482422,12.910751342773438,5.079495429992676,121.0999984741211,12.407402038574219,5.074803352355957
-0.19236232340335846,0.19705408811569214,106.59375,10.433723449707031,142.3333282470703,13.030288696289062,152.5,6.895225524902344,5.051344871520996,125.75,12.222259521484375,5.056036472320557
-0.19236232340335846,0.19705408811569214,145.0416717529297,10.423484802246094,142.3333282470703,13.030288696289062,105.375,13.481399536132812,5.074803352355957,125.75,12.222259521484375,5.056036472320557
-0.10791057348251343,0.08445174992084503,153.39285278320312,9.951774597167969,132.75,13.254898071289062,118.54166412353516,13.277816772460938,5.046652793884277,122.5,12.020034790039062,5.065420150756836
-0.1829787939786911,0.08445174992084503,153.39285278320312,9.951774597167969,140.5833282470703,12.921165466308594,129.60000610351562,13.296562194824219,5.056036472320557,139.64999389648438,12.370170593261719,5.051344871520996
-0.16890349984169006,0.18767055869102478,152.2142791748047,9.964569091796875,125.5,12.745895385742188,129.60000610351562,13.296562194824219,5.056036472320557,139.64999389648438,12.370170593261719,5.051344871520996
-0.1829787939786911,0.14075292646884918,158.64285278320312,9.710098266601562,128.75,12.955108642578125,146.89999389648438,12.461616516113281,5.056036472320557,111.70833587646484,12.201934814453125,5.051344871520996
-0.16890349984169006,0.1829787939786911,153.32142639160156,9.928016662597656,111.57142639160156,13.137908935546875,101.25,13.145523071289062,5.056036472320557,110.95833587646484,11.731727600097656,5.0701117515563965
-0.24866348505020142,0.2064376175403595,188.875,9.394462585449219,117.125,7.959938049316406,122.875,12.69708251953125,5.084187030792236,124.04166412353516,11.73736572265625,5.0701117515563965
-0.12667763233184814,0.09383527934551239,174.0833282470703,9.578926086425781,129.875,12.894309997558594,122.875,12.69708251953125,5.084187030792236,106.58333587646484,11.949760437011719,5.079495429992676
-0.12198586016893387,0.09383527934551239,174.0833282470703,9.578926086425781,95.5625,12.731666564941406,119.45833587646484,12.893058776855469,5.051344871520996,112.69999694824219,11.833740234375,5.084187030792236
-0.08445174992084503,0.09383527934551239,146.82142639160156,10.167274475097656,128.2083282470703,13.225868225097656,124.91666412353516,12.492752075195312,5.088878631591797,112.69999694824219,11.833740234375,5.084187030792236
-0.08445174992084503,0.10791057348251343,139.2142791748047,10.155113220214844,128.2083282470703,13.225868225097656,134.60000610351562,13.098823547363281,5.051344871520996,112.69999694824219,11.833740234375,5.084187030792236
-0.17828702926635742,0.19705408811569214,180.125,10.034820556640625,130.14285278320312,13.114326477050781,145.89999389648438,12.898216247558594,5.074803352355957,93.875,11.716606140136719,5.088878631591797
-0.17828702926635742,0.19705408811569214,147.5,9.813026428222656,114.17857360839844,13.102676391601562,145.89999389648438,12.898216247558594,5.074803352355957,132.25,11.761474609375,5.074803352355957
-0.15013644099235535,0.17828702926635742,145.5,10.132858276367188,112.82142639160156,13.200279235839844,128.0,12.513961791992188,5.084187030792236,117.0,11.710624694824219,5.074803352355957
-0.21112938225269318,0.15013644099235535,162.5833282470703,10.372642517089844,145.0,13.224533081054688,108.375,12.9241943359375,5.051344871520996,144.85000610351562,11.897232055664062,5.079495429992676
-0.1360611617565155,0.17359526455402374,132.5,9.938377380371094,144.5,13.315048217773438,135.75,13.040847778320312,5.088878631591797,144.85000610351562,11.897232055664062,5.079495429992676
-0.23927995562553406,0.16890349984169006,140.5,10.139350891113281,117.17857360839844,13.089500427246094,135.75,13.040847778320312,5.088878631591797,124.04166412353516,11.684379577636719,5.037269592285156
-0.23927995562553406,0.16890349984169006,140.5,10.139350891113281,124.58333587646484,13.359375,128.3333282470703,12.545356750488281,5.056036472320557,124.04166412353516,11.684379577636719,5.037269592285156
-0.15013644099235535,0.1829787939786911,132.35714721679688,10.220993041992188,172.1999969482422,12.900772094726562,108.375,12.872039794921875,5.056036472320557,131.0833282470703,11.793586730957031,5.093570709228516
-0.14544467628002167,0.1595199704170227,121.0,10.086433410644531,119.0,13.437416076660156,98.64286041259766,12.871818542480469,5.023194313049316,139.25,12.05523681640625,5.051344871520996
-0.17359526455402374,0.1595199704170227,140.60714721679688,10.269828796386719,121.35713958740234,13.10125732421875,181.625,12.439262390136719,5.088878631591797,88.16666412353516,12.337448120117188,5.065420150756836
-0.17359526455402374,0.21112938225269318,132.35714721679688,10.540542602539062,121.35713958740234,13.10125732421875,157.0500030517578,12.772323608398438,5.102953910827637,130.0,12.246444702148438,5.060728073120117
-0.13136939704418182,0.14075292646884918,172.2083282470703,9.753456115722656,117.96428680419922,13.011627197265625,157.0500030517578,12.772323608398438,5.102953910827637,152.85000610351562,11.6854248046875,5.098262310028076
-0.13136939704418182,0.14075292646884918,172.2083282470703,9.753456115722656,100.0,12.622459411621094,108.55000305175781,13.024711608886719,5.098262310028076,142.1999969482422,11.868431091308594,5.0701117515563965
-0.12198586016893387,0.028150584548711777,157.0357208251953,9.91973876953125,141.625,12.769172668457031,121.44999694824219,12.854522705078125,5.084187030792236,123.75,11.796394348144531,5.102953910827637
-0.12198586016893387,0.21112938225269318,144.7142791748047,10.090003967285156,141.625,12.769172668457031,68.0,10.11181640625,5.037269592285156,144.64999389648438,11.996047973632812,5.074803352355957
-0.24866348505020142,0.21112938225269318,127.25,9.522628784179688,149.375,12.936431884765625,68.0,10.11181640625,5.037269592285156,139.0,12.015602111816406,5.088878631591797
-0.15482820570468903,0.22051291167736053,166.9583282470703,10.446868896484375,152.0,13.223442077636719,117.45833587646484,12.75238037109375,5.056036472320557,99.58333587646484,12.125076293945312,5.065420150756836
-0.17359526455402374,0.16890349984169006,187.375,9.562843322753906,110.53125,12.880607604980469,87.0,12.912017822265625,5.0701117515563965,121.16666412353516,11.567108154296875,5.088878631591797
-0.17828702926635742,0.16890349984169006,76.75,0.22071075439453125,118.60713958740234,12.711616516113281,117.625,12.864585876464844,5.027885913848877,112.125,12.051094055175781,5.046652793884277
-0.17828702926635742,0.16890349984169006,76.75,0.22071075439453125,118.60713958740234,12.711616516113281,136.3000030517578,13.218772888183594,5.018502235412598,99.5,12.029304504394531,5.041961193084717
-0.15482820570468903,0.16890349984169006,127.78125,9.915298461914062,124.03571319580078,12.953315734863281,138.25,12.904640197753906,5.041961193084717,145.3000030517578,11.965110778808594,5.051344871520996
-0.14075292646884918,0.16890349984169006,136.64285278320312,9.736846923828125,107.60713958740234,13.261863708496094,149.1999969482422,12.345344543457031,5.065420150756836,115.95833587646484,12.017044067382812,5.037269592285156
-0.14075292646884918,0.16890349984169006,174.7916717529297,9.597206115722656,107.60713958740234,13.261863708496094,149.1999969482422,12.345344543457031,5.065420150756836,115.95833587646484,12.017044067382812,5.037269592285156
-0.14075292646884918,0.16890349984169006,120.5625,9.810768127441406,119.42857360839844,12.520545959472656,137.89999389648438,12.657478332519531,5.0701117515563965,144.9499969482422,11.896736145019531,5.074803352355957
-0.051609404385089874,0.16890349984169006,131.96875,10.062065124511719,141.625,12.844993591308594,151.0500030517578,12.706291198730469,5.056036472320557,110.04166412353516,12.143348693847656,5.046652793884277
-0.23458820581436157,0.16890349984169006,154.85714721679688,9.847892761230469,114.32142639160156,13.08868408203125,151.0500030517578,12.706291198730469,5.056036472320557,125.625,11.79351806640625,5.088878631591797
-0.23458820581436157,0.2252046763896942,132.5625,9.843780517578125,134.0416717529297,13.176277160644531,115.25,12.744140625,5.074803352355957,122.66666412353516,11.826217651367188,5.084187030792236
-0.18767055869102478,0.15013644099235535,161.7916717529297,9.99884033203125,122.60713958740234,12.624359130859375,128.60000610351562,12.595184326171875,5.098262310028076,121.83333587646484,11.728477478027344,5.060728073120117
-0.15482820570468903,0.24397172033786774,148.5357208251953,10.144912719726562,119.17857360839844,13.036033630371094,128.60000610351562,12.595184326171875,5.098262310028076,121.5999984741211,11.46832275390625,5.098262310028076
-0.24397172033786774,0.15482820570468903,153.7857208251953,10.12384033203125,127.03571319580078,13.316932678222656,111.20833587646484,12.529731750488281,5.079495429992676,142.3000030517578,11.837760925292969,5.088878631591797
-0.16421173512935638,0.15482820570468903,153.7857208251953,10.12384033203125,115.32142639160156,12.573616027832031,134.14999389648438,12.746925354003906,5.060728073120117,149.35000610351562,11.483085632324219,5.088878631591797
-0.16890349984169006,0.17828702926635742,153.85714721679688,9.286483764648438,120.60713958740234,12.8643798828125,150.8000030517578,12.335784912109375,5.079495429992676,108.79166412353516,12.145637512207031,5.056036472320557
-0.23458820581436157,0.17828702926635742,157.35714721679688,9.324302673339844,140.375,13.176414489746094,156.14999389648438,12.444778442382812,5.060728073120117,140.35000610351562,11.798088073730469,5.037269592285156
-0.23458820581436157,0.2064376175403595,156.1666717529297,10.317352294921875,140.375,13.176414489746094,119.83333587646484,12.634841918945312,5.079495429992676,118.66666412353516,11.729515075683594,5.0701117515563965
-0.15482820570468903,0.2064376175403595,151.7916717529297,10.433395385742188,127.71428680419922,13.079032897949219,146.10000610351562,12.695259094238281,5.051344871520996,135.5,12.11102294921875,5.0701117515563965
-0.15013644099235535,0.17359526455402374,161.42857360839844,9.574104309082031,126.25,10.190139770507812,127.5,12.868072509765625,5.0701117515563965,146.64999389648438,11.864974975585938,5.051344871520996
-0.13136939704418182,0.051609404385089874,121.0,10.110443115234375,126.28571319580078,13.170173645019531,147.25,12.76763916015625,5.046652793884277,80.39286041259766,11.843231201171875,5.079495429992676
-0.03753411024808884,0.10791057348251343,139.67857360839844,9.948295593261719,120.5,12.816368103027344,124.79166412353516,12.738426208496094,5.060728073120117,102.33333587646484,12.014137268066406,5.060728073120117
-0.17828702926635742,0.19236232340335846,170.6666717529297,10.446311950683594,115.03571319580078,12.908477783203125,124.79166412353516,12.738426208496094,5.060728073120117,102.33333587646484,12.014137268066406,5.060728073120117
-0.18767055869102478,0.17828702926635742,125.17857360839844,10.283973693847656,126.0,13.186920166015625,124.79166412353516,12.738426208496094,5.060728073120117,102.66666412353516,11.82830810546875,5.060728073120117
-0.1595199704170227,0.17828702926635742,125.17857360839844,10.283973693847656,120.89286041259766,13.043815612792969,141.4499969482422,12.757987976074219,5.060728073120117,102.66666412353516,11.82830810546875,5.060728073120117
-0.1595199704170227,0.17828702926635742,173.3333282470703,9.9566650390625,110.25,13.200401306152344,138.25,12.653366088867188,5.060728073120117,114.05000305175781,11.974609375,5.060728073120117
-0.1829787939786911,0.07037646323442459,166.875,10.033767700195312,179.25,13.169471740722656,114.41666412353516,13.02899169921875,5.0701117515563965,102.95833587646484,12.003257751464844,5.037269592285156
-0.10321880877017975,0.2064376175403595,160.5833282470703,10.489067077636719,97.3499984741211,11.858222961425781,90.08333587646484,12.679473876953125,5.102953910827637,146.64999389648438,11.982475280761719,5.093570709228516
-0.19236232340335846,0.2064376175403595,160.5833282470703,10.489067077636719,110.65625,12.9078369140625,90.08333587646484,12.679473876953125,5.102953910827637,146.64999389648438,11.982475280761719,5.093570709228516
-0.13136939704418182,0.2298964411020279,183.1666717529297,10.030708312988281,92.875,13.525138854980469,108.66666412353516,12.899772644042969,5.102953910827637,128.4583282470703,11.893768310546875,5.074803352355957
-0.18767055869102478,0.2298964411020279,183.1666717529297,10.030708312988281,89.72222137451172,13.3096923828125,132.10000610351562,12.717819213867188,5.098262310028076,124.45833587646484,11.495048522949219,5.074803352355957
-0.16421173512935638,0.15482820570468903,120.78571319580078,10.646003723144531,122.5,13.136405944824219,124.5,12.787818908691406,5.0701117515563965,107.0,11.839942932128906,5.121721267700195
-0.22051291167736053,0.21112938225269318,140.32142639160156,9.691764831542969,97.46875,13.109352111816406,134.60000610351562,12.543289184570312,5.135796546936035,107.0,11.839942932128906,5.121721267700195
-0.22051291167736053,0.12667763233184814,153.35714721679688,9.957061767578125,111.46875,10.530433654785156,130.9499969482422,12.612907409667969,5.135796546936035,107.0,11.839942932128906,5.121721267700195
-0.21112938225269318,0.26273879408836365,178.8333282470703,10.004905700683594,119.96428680419922,13.107093811035156,130.9499969482422,12.612907409667969,5.135796546936035,82.04166412353516,12.223625183105469,5.121721267700195
-0.13136939704418182,0.26273879408836365,178.8333282470703,10.004905700683594,133.5833282470703,12.739128112792969,121.0999984741211,13.117996215820312,5.135796546936035,118.04166412353516,11.799179077148438,5.0701117515563965
-0.17359526455402374,0.16421173512935638,171.9583282470703,10.00054931640625,139.7083282470703,12.898414611816406,157.3000030517578,12.601615905761719,5.065420150756836,144.6999969482422,11.977981567382812,5.056036472320557
-0.12198586016893387,0.16421173512935638,132.75,10.277389526367188,124.35713958740234,12.811317443847656,149.3000030517578,12.390403747558594,5.056036472320557,114.91666412353516,12.021369934082031,5.060728073120117
-0.17828702926635742,0.16421173512935638,132.75,10.277389526367188,109.03571319580078,13.1748046875,125.875,12.971588134765625,5.056036472320557,103.08333587646484,12.137420654296875,5.0701117515563965
-0.17828702926635742,0.1829787939786911,128.53125,10.152763366699219,98.9375,13.084823608398438,102.60713958740234,12.691139221191406,5.065420150756836,121.29166412353516,11.861770629882812,5.060728073120117
-0.20174585282802582,0.1829787939786911,131.14285278320312,10.504867553710938,110.5,13.038475036621094,125.79166412353516,12.545341491699219,5.084187030792236,119.91666412353516,11.855728149414062,5.065420150756836
-0.18767055869102478,0.19236232340335846,149.10714721679688,9.975479125976562,142.5416717529297,12.965591430664062,148.5,12.66729736328125,5.056036472320557,129.60000610351562,11.931114196777344,5.088878631591797
-0.18767055869102478,0.21582114696502686,146.9642791748047,10.027534484863281,112.82142639160156,13.155311584472656,153.64999389648438,12.702468872070312,5.088878631591797,122.125,11.837211608886719,5.051344871520996
-0.17359526455402374,0.2064376175403595,127.5,9.890861511230469,113.60713958740234,13.013336181640625,157.0,12.643348693847656,5.079495429992676,122.125,11.837211608886719,5.051344871520996
-0.24397172033786774,0.18767055869102478,132.4642791748047,10.364875793457031,129.5833282470703,13.154067993164062,150.9499969482422,12.857994079589844,5.079495429992676,123.41666412353516,12.230331420898438,5.088878631591797
-0.24397172033786774,0.2533552646636963,124.54166412353516,10.774322509765625,129.5833282470703,13.154067993164062,106.625,13.083412170410156,5.0701117515563965,121.58333587646484,11.708747863769531,5.056036472320557
-0.12198586016893387,0.2533552646636963,140.25,10.087760925292969,147.75,13.180801391601562,106.625,13.083412170410156,5.0701117515563965,121.58333587646484,11.708747863769531,5.056036472320557
-0.12198586016893387,0.1595199704170227,135.15625,10.115989685058594,141.7083282470703,13.035842895507812,109.75,13.0599365234375,5.0701117515563965,132.39999389648438,12.172073364257812,5.046652793884277
-0.12198586016893387,0.15482820570468903,116.8125,10.690826416015625,141.7083282470703,13.035842895507812,142.4499969482422,12.752128601074219,5.037269592285156,132.39999389648438,12.172073364257812,5.046652793884277
-0.12198586016893387,0.15482820570468903,135.60714721679688,10.221168518066406,118.14286041259766,12.619125366210938,107.25,13.337081909179688,5.112337589263916,116.875,11.921226501464844,5.088878631591797
-0.07975998520851135,0.16890349984169006,128.25,10.642608642578125,118.14286041259766,13.1009521484375,126.3499984741211,12.861503601074219,5.088878631591797,151.6999969482422,12.173751831054688,5.121721267700195
-0.16421173512935638,0.22051291167736053,142.9642791748047,10.2640380859375,109.82142639160156,13.042404174804688,111.875,13.041542053222656,5.041961193084717,95.25,12.099655151367188,5.0701117515563965
-0.23458820581436157,0.22051291167736053,142.9642791748047,10.2640380859375,119.75,13.356895446777344,123.41666412353516,12.942825317382812,5.079495429992676,130.75,12.378997802734375,5.051344871520996
-0.23458820581436157,0.23458820581436157,132.6875,9.512832641601562,139.75,13.099227905273438,108.5,12.993186950683594,5.102953910827637,130.75,12.378997802734375,5.051344871520996
-0.2298964411020279,0.21112938225269318,151.7142791748047,9.425209045410156,115.42857360839844,13.00738525390625,130.89999389648438,13.238372802734375,5.074803352355957,113.70833587646484,12.435821533203125,5.084187030792236
-0.15482820570468903,0.21112938225269318,95.5,10.206703186035156,126.29166412353516,12.800132751464844,121.625,12.878982543945312,5.079495429992676,126.94999694824219,12.522232055664062,5.060728073120117
-0.19705408811569214,0.21112938225269318,126.03571319580078,10.2774658203125,151.25,13.168388366699219,134.60000610351562,13.189674377441406,5.046652793884277,148.10000610351562,12.038955688476562,5.084187030792236
-0.17359526455402374,0.21112938225269318,159.4583282470703,10.225639343261719,144.7083282470703,12.940406799316406,152.6999969482422,12.635604858398438,5.079495429992676,126.54166412353516,12.19842529296875,5.1076459884643555
-0.17359526455402374,0.15013644099235535,124.6875,10.323783874511719,143.1666717529297,13.200790405273438,118.75,13.055854797363281,5.084187030792236,123.04166412353516,11.970916748046875,5.065420150756836
-0.16890349984169006,0.21112938225269318,159.4642791748047,9.8427734375,97.84375,12.849693298339844,128.2083282470703,12.761749267578125,5.041961193084717,111.25,12.401443481445312,5.0701117515563965
-0.16890349984169006,0.21112938225269318,159.4642791748047,9.8427734375,117.10713958740234,12.823455810546875,146.89999389648438,12.648384094238281,5.093570709228516,109.95833587646484,12.508056640625,5.056036472320557
-0.11729410290718079,0.15013644099235535,150.14285278320312,9.834831237792969,113.0,13.103218078613281,146.89999389648438,12.648384094238281,5.093570709228516,109.95833587646484,12.508056640625,5.056036472320557
-0.19705408811569214,0.16421173512935638,185.25,9.954917907714844,152.9583282470703,13.078231811523438,128.25,12.808685302734375,5.093570709228516,121.41666412353516,11.889579772949219,5.056036472320557
-0.16890349984169006,0.14075292646884918,146.7142791748047,10.368095397949219,103.40625,12.955184936523438,143.9499969482422,13.038818359375,5.051344871520996,116.69999694824219,12.637275695800781,5.088878631591797
-0.19236232340335846,0.23927995562553406,151.5357208251953,9.753814697265625,113.92857360839844,12.968307495117188,114.66666412353516,13.048576354980469,5.084187030792236,123.08333587646484,12.205520629882812,5.098262310028076
-0.19236232340335846,0.23927995562553406,120.10713958740234,10.532157897949219,97.27777862548828,12.9652099609375,125.0,12.817710876464844,5.0701117515563965,123.08333587646484,12.205520629882812,5.098262310028076
-0.2298964411020279,0.23927995562553406,120.10713958740234,10.532157897949219,125.25,13.038787841796875,150.14999389648438,12.63037109375,5.065420150756836,135.4499969482422,12.310615539550781,5.060728073120117
-0.2298964411020279,0.23927995562553406,120.10713958740234,10.532157897949219,118.54166412353516,13.432540893554688,117.58333587646484,13.069534301757812,5.046652793884277,105.625,12.380424499511719,5.041961193084717
-0.14544467628002167,0.23927995562553406,131.60714721679688,10.347457885742188,125.375,13.192916870117188,125.0999984741211,13.358566284179688,5.074803352355957,136.75,12.206146240234375,5.088878631591797
-0.14544467628002167,0.1829787939786911,129.75,10.52313232421875,125.375,13.192916870117188,125.0999984741211,13.358566284179688,5.074803352355957,126.0,11.96875,5.0701117515563965
-0.11729410290718079,0.1829787939786911,146.0357208251953,9.840057373046875,151.5416717529297,13.107398986816406,149.85000610351562,12.862510681152344,5.074803352355957,149.3000030517578,12.017654418945312,5.112337589263916
-0.09383527934551239,0.10791057348251343,173.8333282470703,9.567352294921875,126.75,12.806594848632812,120.08333587646484,13.018112182617188,5.131104469299316,123.66666412353516,12.015632629394531,5.084187030792236
-0.16421173512935638,0.24397172033786774,150.42857360839844,9.558059692382812,137.0,12.647903442382812,151.25,12.671890258789062,5.074803352355957,115.04166412353516,12.134635925292969,5.079495429992676
-0.19236232340335846,0.10321880877017975,143.5,10.118721008300781,114.10713958740234,13.026336669921875,125.66666412353516,12.992713928222656,5.065420150756836,118.375,12.090065002441406,5.051344871520996
-0.19236232340335846,0.23458820581436157,138.2857208251953,10.2730712890625,114.10713958740234,13.026336669921875,125.66666412353516,12.992713928222656,5.065420150756836,84.0,12.744132995605469,5.135796546936035
-0.1829787939786911,0.13136939704418182,176.5833282470703,10.065437316894531,108.21875,12.991058349609375,106.45833587646484,13.368972778320312,5.079495429992676,129.1999969482422,12.021095275878906,5.135796546936035
-0.1595199704170227,0.23458820581436157,109.63888549804688,9.831092834472656,137.1666717529297,13.01556396484375,167.625,13.057579040527344,5.065420150756836,115.79166412353516,11.994575500488281,5.0701117515563965
-0.17828702926635742,0.23458820581436157,141.85714721679688,10.27264404296875,107.35713958740234,12.58343505859375,112.95833587646484,13.093795776367188,5.051344871520996,112.41666412353516,11.987808227539062,5.056036472320557
-0.13136939704418182,0.12667763233184814,135.78125,9.676887512207031,110.59375,12.939888000488281,115.66666412353516,13.221046447753906,5.088878631591797,96.25,12.331291198730469,5.088878631591797
-0.12198586016893387,0.1595199704170227,142.60714721679688,10.031692504882812,146.4166717529297,12.886489868164062,115.66666412353516,13.221046447753906,5.088878631591797,79.91666412353516,12.488983154296875,5.121721267700195
-0.12198586016893387,0.046917639672756195,131.35714721679688,9.891342163085938,146.4166717529297,12.886489868164062,114.04166412353516,13.380989074707031,5.112337589263916,114.5999984741211,12.380607604980469,5.056036472320557
-0.14075292646884918,0.1595199704170227,141.9642791748047,10.468063354492188,148.3333282470703,13.041122436523438,100.9000015258789,13.14599609375,5.117029190063477,114.5999984741211,12.380607604980469,5.056036472320557
-0.14075292646884918,0.15482820570468903,148.14285278320312,9.964805603027344,148.3333282470703,13.041122436523438,100.9000015258789,13.14599609375,5.117029190063477,122.41666412353516,12.237510681152344,5.117029190063477
-0.14075292646884918,0.15482820570468903,148.14285278320312,9.964805603027344,148.3333282470703,13.041122436523438,111.375,10.839988708496094,5.041961193084717,113.41666412353516,12.229591369628906,5.074803352355957
-0.14075292646884918,0.15482820570468903,174.75,10.055335998535156,148.3333282470703,13.041122436523438,153.75,13.132644653320312,5.093570709228516,149.4499969482422,12.094612121582031,5.065420150756836
-0.14075292646884918,0.15482820570468903,153.60714721679688,10.366355895996094,119.07142639160156,12.590370178222656,147.0,13.06988525390625,5.065420150756836,132.4499969482422,12.551513671875,5.102953910827637
-0.14075292646884918,0.15482820570468903,153.60714721679688,10.366355895996094,130.5357208251953,13.292373657226562,128.64999389648438,13.37274169921875,5.098262310028076,147.14999389648438,12.042282104492188,5.079495429992676
-0.1595199704170227,0.15482820570468903,152.0,10.047294616699219,105.5625,12.709739685058594,153.0500030517578,12.844322204589844,5.074803352355957,118.5,12.043373107910156,5.0701117515563965
-0.29088935256004333,0.21582114696502686,137.96875,3.900665283203125,105.85713958740234,13.0654296875,136.0500030517578,12.955894470214844,5.074803352355957,118.375,11.901390075683594,5.084187030792236
-0.20174585282802582,0.21582114696502686,155.9166717529297,10.295646667480469,123.85713958740234,13.191108703613281,145.5500030517578,12.720466613769531,5.0701117515563965,102.33333587646484,12.0843505859375,5.0701117515563965
-0.20174585282802582,0.21582114696502686,155.9166717529297,10.295646667480469,103.0,12.816009521484375,132.0500030517578,13.108634948730469,5.023194313049316,115.91666412353516,12.218605041503906,5.041961193084717
-0.20174585282802582,0.14075292646884918,177.25,9.819923400878906,103.0,12.816009521484375,129.2083282470703,12.873085021972656,5.079495429992676,110.54166412353516,11.970718383789062,5.046652793884277
-0.13136939704418182,0.17359526455402374,171.9166717529297,10.227500915527344,115.5,12.9664306640625,116.79166412353516,13.216011047363281,5.051344871520996,105.70833587646484,12.31439208984375,5.065420150756836
-0.19236232340335846,0.1595199704170227,159.875,10.388107299804688,124.17857360839844,12.512702941894531,152.8000030517578,12.598930358886719,5.0701117515563965,104.16666412353516,12.329536437988281,5.074803352355957
-0.12198586016893387,0.1595199704170227,130.34375,9.739784240722656,102.3125,12.727561950683594,117.79166412353516,13.098899841308594,5.056036472320557,107.625,12.02655029296875,5.074803352355957
-0.1829787939786911,0.060992930084466934,134.07142639160156,10.054344177246094,117.39286041259766,13.032676696777344,117.79166412353516,13.098899841308594,5.056036472320557,86.25,12.346046447753906,5.0701117515563965
-0.060992930084466934,0.05630116909742355,121.1875,10.228286743164062,127.07142639160156,13.269920349121094,120.29166412353516,12.834945678710938,5.051344871520996,131.0,12.042762756347656,5.0701117515563965
-0.07506822049617767,0.05630116909742355,121.1875,10.228286743164062,121.25,12.866813659667969,139.3000030517578,13.189987182617188,5.060728073120117,111.9000015258789,12.492301940917969,5.060728073120117
-0.07506822049617767,0.17828702926635742,132.5,10.346939086914062,108.59375,13.273521423339844,125.20833587646484,12.782752990722656,5.056036472320557,111.9000015258789,12.492301940917969,5.060728073120117
-0.15013644099235535,0.07506822049617767,139.10714721679688,10.209861755371094,152.8333282470703,13.001060485839844,116.25,12.87042236328125,5.079495429992676,143.0,12.072982788085938,5.088878631591797
-0.15013644099235535,0.07506822049617767,139.10714721679688,10.209861755371094,134.9583282470703,13.096267700195312,127.5,12.4149169921875,5.060728073120117,143.0,12.072982788085938,5.088878631591797
-0.15013644099235535,0.07506822049617767,111.4375,10.211105346679688,105.89286041259766,13.29632568359375,141.5,12.980873107910156,5.051344871520996,141.4499969482422,12.157974243164062,5.0701117515563965
0.014075292274355888,0.0,130.15625,10.008033752441406,126.60713958740234,13.000572204589844,141.5,12.980873107910156,5.051344871520996,141.4499969482422,12.157974243164062,5.0701117515563965
-0.1126023381948471,0.0,119.64286041259766,10.584724426269531,122.95833587646484,13.043991088867188,113.0,13.272605895996094,5.056036472320557,119.83333587646484,12.063545227050781,5.051344871520996
-0.22051291167736053,0.16890349984169006,149.25,10.493965148925781,129.7083282470703,13.092254638671875,142.64999389648438,13.021820068359375,5.051344871520996,91.45833587646484,11.951393127441406,5.079495429992676
-0.22051291167736053,0.1829787939786911,129.5,10.695701599121094,114.25,1.9422454833984375,145.6999969482422,13.00494384765625,5.084187030792236,146.10000610351562,11.905242919921875,5.079495429992676
-0.08914351463317871,0.16890349984169006,123.64286041259766,10.734725952148438,139.1666717529297,13.332756042480469,123.44999694824219,13.2939453125,5.112337589263916,87.66666412353516,12.333381652832031,5.1076459884643555
-0.17359526455402374,0.12198586016893387,172.5416717529297,10.337898254394531,102.15625,13.340423583984375,145.60000610351562,12.739158630371094,5.093570709228516,97.58333587646484,12.174491882324219,5.079495429992676
-0.09383527934551239,0.1595199704170227,135.85714721679688,10.4052734375,153.7083282470703,12.955894470214844,103.70833587646484,13.172042846679688,5.046652793884277,114.79166412353516,11.632843017578125,5.0701117515563965
-0.11729410290718079,0.1595199704170227,146.57142639160156,10.172187805175781,117.67857360839844,13.278724670410156,111.875,12.930442810058594,5.046652793884277,120.125,11.905540466308594,5.037269592285156
-0.22051291167736053,0.1595199704170227,173.5833282470703,10.261604309082031,123.0,13.529586791992188,148.64999389648438,12.729179382324219,5.060728073120117,114.25,12.316635131835938,5.093570709228516
-0.16421173512935638,0.15482820570468903,180.0833282470703,9.619819641113281,112.25,13.183891296386719,149.0,12.985183715820312,5.1076459884643555,92.5,12.477745056152344,5.074803352355957
-0.1360611617565155,0.12667763233184814,125.34375,9.853485107421875,145.2083282470703,12.9996337890625,123.875,13.008094787597656,5.065420150756836,105.20833587646484,11.821449279785156,5.102953910827637
-0.1360611617565155,0.12667763233184814,157.07142639160156,9.597190856933594,121.32142639160156,12.904670715332031,112.54166412353516,13.021659851074219,5.060728073120117,142.1999969482422,11.925910949707031,5.098262310028076
-0.1595199704170227,0.1829787939786911,153.64285278320312,9.655792236328125,97.3125,13.130355834960938,125.04166412353516,12.573867797851562,5.088878631591797,89.41666412353516,12.162841796875,5.084187030792236
-0.14075292646884918,0.15482820570468903,128.57142639160156,10.2008056640625,93.09375,13.241104125976562,144.64999389648438,12.645217895507812,5.0325775146484375,115.5,12.218330383300781,5.056036472320557
-0.2298964411020279,0.22051291167736053,125.8125,10.102188110351562,131.32142639160156,12.855430603027344,127.95833587646484,12.709793090820312,5.041961193084717,144.75,12.119010925292969,5.041961193084717
-0.21582114696502686,0.22051291167736053,125.8125,10.102188110351562,104.5,11.093406677246094,129.625,12.381126403808594,5.093570709228516,126.55000305175781,12.076637268066406,5.093570709228516
-0.10791057348251343,0.22051291167736053,125.8125,10.102188110351562,147.0416717529297,13.2193603515625,129.4583282470703,12.606842041015625,5.051344871520996,118.5,12.363693237304688,5.074803352355957
-0.15013644099235535,0.17828702926635742,156.0,10.401451110839844,136.2083282470703,12.661705017089844,88.54166412353516,13.224868774414062,5.1076459884643555,118.5,12.363693237304688,5.074803352355957
-0.042225874960422516,0.12198586016893387,157.9583282470703,10.175552368164062,128.6666717529297,12.609703063964844,88.54166412353516,13.224868774414062,5.1076459884643555,86.33333587646484,12.384246826171875,5.126412868499756
-0.16421173512935638,0.01876705512404442,133.0357208251953,10.53521728515625,141.375,12.959724426269531,111.29166412353516,12.95849609375,5.041961193084717,94.70833587646484,12.148788452148438,5.098262310028076
-0.23927995562553406,0.2533552646636963,128.0,10.586082458496094,87.19444274902344,13.087066650390625,108.5,12.817855834960938,5.051344871520996,145.10000610351562,11.879402160644531,5.041961193084717
-0.26273879408836365,0.2533552646636963,155.7857208251953,10.035018920898438,133.6666717529297,9.483795166015625,108.5,12.817855834960938,5.084187030792236,124.45833587646484,11.5875244140625,5.102953910827637
-0.26273879408836365,0.14075292646884918,158.4583282470703,10.26080322265625,133.6666717529297,9.483795166015625,120.95833587646484,12.512626647949219,5.065420150756836,134.75,11.580459594726562,5.060728073120117
-0.07975998520851135,0.13136939704418182,179.25,9.61016845703125,112.35713958740234,12.711097717285156,150.75,13.004913330078125,5.023194313049316,142.39999389648438,11.968605041503906,5.0325775146484375
-0.21112938225269318,0.26273879408836365,129.65625,10.039764404296875,116.03571319580078,13.33087158203125,129.2083282470703,12.614067077636719,5.056036472320557,111.375,12.199569702148438,5.074803352355957
-0.09852704405784607,0.26273879408836365,121.4375,10.420700073242188,138.7083282470703,13.289505004882812,92.33333587646484,13.267112731933594,5.056036472320557,146.5500030517578,11.936805725097656,5.074803352355957
-0.16890349984169006,0.09852704405784607,147.7857208251953,10.201202392578125,134.5833282470703,12.945930480957031,148.39999389648438,12.832138061523438,5.0701117515563965,120.83333587646484,12.049758911132812,5.093570709228516
-0.17359526455402374,0.09852704405784607,107.83333587646484,5.300376892089844,136.25,12.710914611816406,119.54166412353516,12.792518615722656,5.060728073120117,109.625,11.691658020019531,5.079495429992676
-0.3002728819847107,0.09852704405784607,140.35714721679688,10.309768676757812,143.7916717529297,13.258377075195312,123.625,12.599624633789062,5.060728073120117,149.5500030517578,11.968955993652344,5.046652793884277
-0.05630116909742355,0.023458819836378098,143.5,10.347640991210938,149.7083282470703,13.109596252441406,137.75,12.947463989257812,5.065420150756836,149.85000610351562,12.239013671875,5.098262310028076
-0.051609404385089874,0.023458819836378098,143.5,10.347640991210938,125.54166412353516,13.430595397949219,144.89999389648438,12.7103271484375,5.0701117515563965,131.4375,12.019454956054688,5.065420150756836
-0.051609404385089874,0.07037646323442459,152.32142639160156,9.888740539550781,94.40625,12.766876220703125,144.89999389648438,12.7103271484375,5.0701117515563965,142.89999389648438,11.983993530273438,5.079495429992676
-0.051609404385089874,0.13136939704418182,151.14285278320312,10.094017028808594,115.57142639160156,12.653755187988281,125.55000305175781,13.158180236816406,5.0701117515563965,142.89999389648438,11.983993530273438,5.079495429992676
-0.12198586016893387,0.21112938225269318,153.5,9.949745178222656,138.9583282470703,13.101783752441406,125.55000305175781,13.158180236816406,5.0701117515563965,142.35000610351562,11.929489135742188,5.065420150756836
-0.23927995562553406,0.16890349984169006,122.46875,10.246147155761719,148.125,13.204643249511719,107.95833587646484,12.906402587890625,5.0701117515563965,142.35000610351562,11.929489135742188,5.065420150756836
-0.10791057348251343,0.1595199704170227,149.39285278320312,9.962852478027344,148.3333282470703,13.148529052734375,115.375,12.729743957519531,5.079495429992676,107.375,12.446083068847656,5.041961193084717
-0.2064376175403595,0.17828702926635742,159.2142791748047,9.77874755859375,116.35713958740234,12.651466369628906,128.64999389648438,13.10894775390625,5.098262310028076,105.19999694824219,12.131202697753906,5.131104469299316
-0.17359526455402374,0.17828702926635742,159.2142791748047,9.77874755859375,124.0,13.0008544921875,111.5,12.865570068359375,5.060728073120117,111.75,12.351608276367188,5.051344871520996
-0.1829787939786911,0.17828702926635742,145.35714721679688,10.160247802734375,129.92857360839844,13.170631408691406,111.5,12.865570068359375,5.060728073120117,143.9499969482422,12.07720947265625,5.056036472320557
-0.24397172033786774,0.19705408811569214,148.89285278320312,9.834053039550781,125.33333587646484,13.589187622070312,138.4499969482422,12.738227844238281,5.037269592285156,148.64999389648438,11.846282958984375,5.079495429992676
-0.24866348505020142,0.1829787939786911,148.1666717529297,10.505256652832031,101.625,4.686790466308594,139.89999389648438,12.858367919921875,5.065420150756836,95.625,11.870964050292969,5.1076459884643555
-0.24866348505020142,0.0,154.0,9.804473876953125,124.0,13.221427917480469,116.04166412353516,12.705604553222656,5.027885913848877,132.14999389648438,12.0709228515625,5.023194313049316
-0.2064376175403595,0.2298964411020279,146.82142639160156,9.962203979492188,125.83333587646484,13.208213806152344,156.125,12.970649719238281,5.027885913848877,117.91666412353516,11.925079345703125,5.046652793884277
-0.17828702926635742,0.16421173512935638,158.67857360839844,9.808799743652344,105.1875,12.856681823730469,124.25,12.660919189453125,5.074803352355957,124.375,12.015480041503906,5.074803352355957
-0.1595199704170227,0.16890349984169006,131.2142791748047,10.532966613769531,150.2916717529297,9.445404052734375,146.6999969482422,13.116470336914062,5.0325775146484375,124.375,12.015480041503906,5.074803352355957
-0.15482820570468903,0.15482820570468903,143.07142639160156,10.407073974609375,110.34375,12.888633728027344,100.83333587646484,12.666961669921875,5.126412868499756,127.4000015258789,12.115013122558594,5.098262310028076
-0.15482820570468903,0.08914351463317871,161.5,10.217430114746094,106.84375,12.921409606933594,143.25,12.946914672851562,5.074803352355957,127.4000015258789,12.115013122558594,5.098262310028076
-0.1126023381948471,0.08914351463317871,119.71428680419922,10.592155456542969,125.96428680419922,13.486404418945312,124.0,12.649162292480469,5.065420150756836,91.75,12.064346313476562,5.0701117515563965
-0.12198586016893387,0.19705408811569214,108.4375,10.240928649902344,103.375,12.897720336914062,116.16666412353516,12.608413696289062,5.051344871520996,145.5,11.806503295898438,5.041961193084717
-0.17359526455402374,0.19236232340335846,151.57142639160156,9.908592224121094,101.60713958740234,13.115921020507812,132.9499969482422,12.993942260742188,5.037269592285156,145.5,11.806503295898438,5.041961193084717
-0.23458820581436157,0.2064376175403595,143.17857360839844,10.316375732421875,128.2083282470703,12.956314086914062,132.9499969482422,12.993942260742188,5.037269592285156,145.5,11.806503295898438,5.041961193084717
-0.10791057348251343,0.17359526455402374,161.1666717529297,10.195732116699219,81.30555725097656,12.65618896484375,149.5,12.786514282226562,5.051344871520996,140.39999389648438,12.116119384765625,5.046652793884277
-0.10791057348251343,0.14075292646884918,153.17857360839844,10.04498291015625,81.30555725097656,12.65618896484375,109.04166412353516,12.978126525878906,5.046652793884277,130.4499969482422,12.250358581542969,5.079495429992676
-0.1829787939786911,0.14075292646884918,151.75,10.084136962890625,128.14285278320312,12.863853454589844,148.0500030517578,12.595733642578125,5.102953910827637,111.70833587646484,12.368553161621094,5.0701117515563965
-0.1829787939786911,0.14075292646884918,181.0,8.200027465820312,128.14285278320312,12.863853454589844,148.0500030517578,12.595733642578125,5.102953910827637,119.875,11.867576599121094,5.093570709228516
-0.1829787939786911,0.19236232340335846,118.39286041259766,10.734710693359375,137.1666717529297,13.164291381835938,144.25,11.830047607421875,5.093570709228516,148.25,11.934272766113281,5.112337589263916
-0.18767055869102478,0.16421173512935638,132.6875,9.7900390625,102.15625,12.706886291503906,128.125,12.3673095703125,5.102953910827637,91.20833587646484,12.350883483886719,5.098262310028076
-0.16421173512935638,0.2768140733242035,91.69999694824219,8.828399658203125,124.79166412353516,13.311599731445312,128.125,12.3673095703125,5.102953910827637,91.20833587646484,12.350883483886719,5.098262310028076
-0.28150585293769836,0.2252046763896942,144.32142639160156,10.060783386230469,126.32142639160156,13.079071044921875,95.95833587646484,12.878509521484375,5.098262310028076,142.5,11.993148803710938,5.098262310028076
-0.20174585282802582,0.16421173512935638,152.82142639160156,9.877861022949219,145.75,13.015899658203125,127.6500015258789,13.304435729980469,5.079495429992676,130.10000610351562,12.29644775390625,5.046652793884277
-0.1595199704170227,0.16421173512935638,152.82142639160156,9.877861022949219,144.4583282470703,13.374153137207031,114.83333587646484,12.973609924316406,5.074803352355957,128.4499969482422,12.013359069824219,5.056036472320557
-0.15482820570468903,0.16421173512935638,152.82142639160156,9.877861022949219,144.7083282470703,13.250946044921875,134.10000610351562,13.366539001464844,5.046652793884277,118.45833587646484,12.031234741210938,5.065420150756836
-0.15482820570468903,0.2580470144748688,158.7857208251953,9.933204650878906,128.64285278320312,13.228546142578125,120.0999984741211,13.343757629394531,5.084187030792236,113.08333587646484,12.015716552734375,5.088878631591797
-0.23458820581436157,0.09383527934551239,146.2857208251953,10.193191528320312,114.82142639160156,12.916038513183594,134.14999389648438,12.858238220214844,5.051344871520996,113.9000015258789,12.088127136230469,5.056036472320557
-0.10321880877017975,0.21582114696502686,124.25,10.461540222167969,83.44444274902344,12.784332275390625,132.0,13.089340209960938,5.056036472320557,133.5,12.214797973632812,5.037269592285156
-0.14075292646884918,0.08914351463317871,172.0416717529297,9.746467590332031,112.3125,13.217910766601562,136.3000030517578,13.191947937011719,5.027885913848877,145.3000030517578,12.189376831054688,5.056036472320557
-0.07037646323442459,0.14544467628002167,171.4583282470703,10.223060607910156,125.28571319580078,13.115737915039062,101.83333587646484,13.305793762207031,5.084187030792236,96.875,12.101608276367188,5.079495429992676
-0.21582114696502686,0.09852704405784607,172.0,9.932693481445312,117.6500015258789,9.419479370117188,101.83333587646484,13.305793762207031,5.084187030792236,140.60000610351562,11.836959838867188,5.079495429992676
-0.15482820570468903,0.1360611617565155,131.42857360839844,10.560783386230469,127.54166412353516,13.265960693359375,151.8000030517578,12.719894409179688,5.084187030792236,150.4499969482422,12.046539306640625,5.079495429992676
-0.18767055869102478,0.2064376175403595,129.71875,9.849746704101562,118.16666412353516,13.393142700195312,128.6666717529297,12.746726989746094,5.084187030792236,123.91666412353516,11.762969970703125,5.093570709228516
-0.2064376175403595,0.21112938225269318,170.5,9.998275756835938,108.0625,13.070693969726562,129.7916717529297,12.657844543457031,5.060728073120117,123.91666412353516,11.762969970703125,5.093570709228516
-0.13136939704418182,0.17359526455402374,157.7916717529297,10.600830078125,118.39286041259766,10.001068115234375,158.60000610351562,12.725013732910156,5.088878631591797,128.4499969482422,12.025154113769531,5.074803352355957
-0.16890349984169006,0.14075292646884918,181.5416717529297,10.278541564941406,136.125,13.105712890625,134.6999969482422,12.755744934082031,5.051344871520996,138.39999389648438,12.013740539550781,5.060728073120117
-0.18767055869102478,0.14075292646884918,172.0833282470703,10.057464599609375,140.375,13.1405029296875,125.25,12.938011169433594,5.051344871520996,110.75,11.942626953125,5.065420150756836
-0.18767055869102478,0.14075292646884918,146.5,10.228828430175781,140.375,13.1405029296875,114.79166412353516,12.81219482421875,5.065420150756836,103.69999694824219,12.446846008300781,5.0701117515563965
-0.19705408811569214,0.17359526455402374,158.85714721679688,9.783889770507812,101.125,13.244804382324219,114.79166412353516,12.81219482421875,5.065420150756836,114.54166412353516,11.635589599609375,5.056036472320557
-0.19705408811569214,0.17359526455402374,146.07142639160156,10.359733581542969,101.125,13.244804382324219,114.79166412353516,12.81219482421875,5.065420150756836,114.54166412353516,11.635589599609375,5.056036472320557
-0.19705408811569214,0.2533552646636963,128.375,9.907562255859375,152.9583282470703,13.154304504394531,138.6999969482422,13.031227111816406,5.079495429992676,125.75,12.230918884277344,5.056036472320557
-0.19705408811569214,-0.032842349261045456,149.64285278320312,10.143989562988281,115.66666412353516,13.072029113769531,156.75,12.361473083496094,5.093570709228516,154.6999969482422,11.735252380371094,5.093570709228516
-0.1126023381948471,-0.032842349261045456,122.17857360839844,10.521110534667969,109.5,12.802345275878906,156.75,12.361473083496094,5.093570709228516,144.14999389648438,11.990814208984375,5.079495429992676
-0.15482820570468903,0.13136939704418182,149.5357208251953,9.586677551269531,125.35713958740234,13.229324340820312,115.3499984741211,12.971015930175781,5.088878631591797,146.0500030517578,11.933914184570312,5.098262310028076
-0.1126023381948471,0.13136939704418182,149.5357208251953,9.586677551269531,103.65625,13.071510314941406,148.3000030517578,12.816642761230469,5.046652793884277,112.54166412353516,12.142539978027344,5.065420150756836
-0.1126023381948471,0.14544467628002167,134.0357208251953,9.99371337890625,103.65625,13.071510314941406,122.58333587646484,12.671669006347656,5.046652793884277,112.54166412353516,12.142539978027344,5.065420150756836
-0.24866348505020142,0.14544467628002167,129.75,10.113197326660156,110.32142639160156,13.160842895507812,94.78571319580078,12.827415466308594,5.088878631591797,121.94999694824219,11.796493530273438,5.117029190063477
-0.24866348505020142,0.2580470144748688,152.32142639160156,10.366432189941406,116.03571319580078,13.100616455078125,122.75,12.5760498046875,5.0701117515563965,102.95833587646484,11.796699523925781,5.065420150756836
-0.2064376175403595,0.14075292646884918,144.5416717529297,10.670524597167969,114.82142639160156,12.824348449707031,133.9499969482422,12.714164733886719,5.084187030792236,135.14999389648438,12.049827575683594,5.1076459884643555
-0.17828702926635742,0.2064376175403595,139.35714721679688,10.768829345703125,136.25,12.938369750976562,156.85000610351562,12.675880432128906,5.084187030792236,94.08333587646484,12.111259460449219,5.121721267700195
-0.16421173512935638,0.12667763233184814,150.6666717529297,10.265609741210938,96.10713958740234,13.165283203125,156.85000610351562,12.675880432128906,5.084187030792236,105.54166412353516,12.142837524414062,5.060728073120117
-0.09852704405784607,0.1126023381948471,155.4642791748047,9.807296752929688,109.6875,13.232162475585938,143.4499969482422,12.566261291503906,5.060728073120117,105.54166412353516,12.142837524414062,5.060728073120117
-0.15013644099235535,0.16421173512935638,120.96428680419922,10.592948913574219,133.875,12.714027404785156,110.14286041259766,12.872795104980469,5.088878631591797,140.5500030517578,12.29302978515625,5.074803352355957
-0.17359526455402374,0.16421173512935638,120.96428680419922,10.592948913574219,111.5,13.182846069335938,139.1999969482422,13.268104553222656,5.051344871520996,140.5500030517578,12.29302978515625,5.074803352355957
-0.17359526455402374,0.16421173512935638,120.96428680419922,10.592948913574219,109.32142639160156,13.363006591796875,150.5,12.818939208984375,5.0701117515563965,99.41666412353516,12.227020263671875,5.074803352355957
-0.14544467628002167,0.20174585282802582,139.32142639160156,9.712181091308594,119.25,12.618125915527344,116.625,12.652481079101562,5.102953910827637,122.58333587646484,11.9609375,5.117029190063477
-0.15482820570468903,0.1360611617565155,143.32142639160156,9.735336303710938,146.625,13.246383666992188,121.75,12.749069213867188,5.060728073120117,122.58333587646484,11.9609375,5.117029190063477
-0.1829787939786911,0.21112938225269318,149.82142639160156,9.608467102050781,125.91666412353516,13.560249328613281,145.39999389648438,12.737777709960938,5.056036472320557,137.14999389648438,11.935432434082031,5.074803352355957
-0.1829787939786911,0.21112938225269318,146.89285278320312,10.031211853027344,107.10713958740234,13.0968017578125,148.25,12.744941711425781,5.060728073120117,113.25,12.053199768066406,5.051344871520996
-0.1829787939786911,0.21582114696502686,151.67857360839844,10.039352416992188,107.10713958740234,13.0968017578125,148.89999389648438,12.966415405273438,5.065420150756836,118.70833587646484,11.992904663085938,5.0701117515563965
-0.1829787939786911,0.21582114696502686,169.875,10.2811279296875,107.10713958740234,13.0968017578125,126.0,13.406410217285156,5.060728073120117,103.75,12.395164489746094,5.084187030792236
-0.1829787939786911,0.29088935256004333,122.92857360839844,10.999908447265625,117.78571319580078,13.110618591308594,126.0,13.406410217285156,5.013810634613037,102.45833587646484,12.328994750976562,5.027885913848877
-0.2955811321735382,0.29088935256004333,166.5833282470703,10.285903930664062,120.42857360839844,12.981002807617188,134.60000610351562,13.029869079589844,5.013810634613037,115.04166412353516,12.204086303710938,5.0325775146484375
-0.24397172033786774,0.12198586016893387,121.57142639160156,10.072502136230469,129.0357208251953,13.164627075195312,122.25,12.883888244628906,5.051344871520996,94.75,12.538917541503906,5.084187030792236
-0.12198586016893387,0.19705408811569214,151.75,10.0875244140625,126.91666412353516,13.265914916992188,145.0500030517578,12.923912048339844,5.0701117515563965,137.5500030517578,12.328865051269531,5.046652793884277
-0.1595199704170227,0.15482820570468903,150.25,10.621192932128906,95.78125,13.082786560058594,143.5500030517578,12.85089111328125,5.023194313049316,126.875,12.323768615722656,5.079495429992676
-0.1595199704170227,0.15482820570468903,127.1875,9.947158813476562,95.78125,13.082786560058594,143.5500030517578,12.85089111328125,5.023194313049316,145.85000610351562,12.066078186035156,5.079495429992676
-0.09852704405784607,0.07506822049617767,154.5833282470703,10.320121765136719,117.0,12.711967468261719,143.5500030517578,12.85089111328125,5.023194313049316,141.3000030517578,11.976455688476562,5.079495429992676
-0.07037646323442459,0.07037646323442459,156.75,10.188323974609375,133.57142639160156,12.920204162597656,146.6999969482422,12.699081420898438,5.074803352355957,153.64999389648438,11.783729553222656,5.098262310028076
-0.060992930084466934,0.07037646323442459,177.4583282470703,9.675498962402344,117.07142639160156,9.745002746582031,113.83333587646484,12.577301025390625,5.093570709228516,153.64999389648438,11.783729553222656,5.098262310028076
-0.24866348505020142,0.07037646323442459,165.7083282470703,10.289710998535156,135.75,13.082252502441406,155.89999389648438,12.573684692382812,5.084187030792236,93.04166412353516,12.300003051757812,5.056036472320557
-0.24866348505020142,0.28150585293769836,111.78571319580078,10.790283203125,135.75,13.082252502441406,119.8499984741211,12.839080810546875,5.065420150756836,132.25,12.050765991210938,5.056036472320557
-0.24866348505020142,0.28150585293769836,180.125,9.774444580078125,135.75,13.082252502441406,148.25,12.733970642089844,5.018502235412598,132.75,12.044158935546875,5.023194313049316
-0.15482820570468903,0.16421173512935638,129.6666717529297,10.988059997558594,127.53571319580078,13.250617980957031,152.35000610351562,12.332717895507812,5.074803352355957,139.5500030517578,11.651435852050781,5.088878631591797
-0.24866348505020142,0.16421173512935638,129.6666717529297,10.988059997558594,137.25,13.134162902832031,130.39999389648438,13.209739685058594,5.065420150756836,137.39999389648438,12.06103515625,5.079495429992676
-0.2064376175403595,0.16421173512935638,139.89285278320312,10.449600219726562,136.375,13.148094177246094,151.0,12.390350341796875,5.112337589263916,137.39999389648438,12.06103515625,5.079495429992676
-0.2064376175403595,0.21582114696502686,174.9583282470703,9.81024169921875,143.8333282470703,12.928153991699219,123.66666412353516,12.598625183105469,5.065420150756836,137.39999389648438,12.06103515625,5.079495429992676
-0.1126023381948471,0.10791057348251343,149.67857360839844,9.803665161132812,121.5,12.974533081054688,135.3000030517578,12.980117797851562,5.0325775146484375,110.29166412353516,12.080223083496094,5.009118556976318
-0.11729410290718079,0.14544467628002167,178.10000610351562,10.667709350585938,86.08333587646484,12.457351684570312,124.95833587646484,12.41650390625,5.0701117515563965,99.20833587646484,11.994476318359375,5.060728073120117
-0.21112938225269318,0.14544467628002167,178.10000610351562,10.667709350585938,112.07142639160156,13.080833435058594,142.39999389648438,12.619560241699219,5.060728073120117,179.4375,11.7315673828125,5.0701117515563965
-0.15013644099235535,0.14544467628002167,126.53571319580078,10.728019714355469,114.5625,9.940330505371094,119.33333587646484,12.504501342773438,5.065420150756836,111.0,11.867568969726562,5.065420150756836
-0.14075292646884918,0.14544467628002167,126.53571319580078,10.728019714355469,176.35000610351562,13.078880310058594,119.33333587646484,12.504501342773438,5.065420150756836,121.25,12.016204833984375,5.037269592285156
-0.16890349984169006,0.14544467628002167,142.3333282470703,11.026603698730469,117.17857360839844,13.31842041015625,191.4375,12.631477355957031,5.046652793884277,124.20833587646484,11.830284118652344,5.056036472320557
-0.20174585282802582,0.20174585282802582,175.9583282470703,10.289375305175781,111.57142639160156,12.667259216308594,100.54166412353516,13.05035400390625,5.060728073120117,124.20833587646484,11.830284118652344,5.056036472320557
-0.20174585282802582,0.20174585282802582,175.9583282470703,10.289375305175781,105.0,12.6378173828125,125.5,12.988922119140625,5.060728073120117,124.20833587646484,11.830284118652344,5.056036472320557
-0.20174585282802582,0.20174585282802582,175.9583282470703,10.289375305175781,148.5833282470703,13.403717041015625,121.375,12.724205017089844,5.023194313049316,121.75,11.922752380371094,5.051344871520996
-0.20174585282802582,0.17359526455402374,143.39285278320312,10.148399353027344,105.89286041259766,13.283485412597656,157.64999389648438,12.547134399414062,5.065420150756836,141.64999389648438,12.046562194824219,5.079495429992676
-0.2064376175403595,0.1360611617565155,139.85714721679688,10.23321533203125,127.39286041259766,13.088371276855469,113.25,12.749015808105469,5.093570709228516,119.70833587646484,12.035240173339844,5.051344871520996
-0.22051291167736053,0.1360611617565155,150.0,9.717864990234375,122.0,12.80322265625,127.375,12.670333862304688,5.051344871520996,146.1999969482422,11.694450378417969,5.056036472320557
-0.10321880877017975,0.16890349984169006,169.125,10.154777526855469,148.875,13.193473815917969,114.41666412353516,12.955055236816406,5.0325775146484375,132.0500030517578,12.032493591308594,5.027885913848877
-0.10321880877017975,0.16890349984169006,169.125,10.154777526855469,125.58333587646484,13.51531982421875,139.6999969482422,12.822853088378906,5.013810634613037,133.5500030517578,12.11431884765625,5.037269592285156
-0.10321880877017975,0.10791057348251343,151.64285278320312,10.248374938964844,123.67857360839844,12.763145446777344,118.33333587646484,12.610260009765625,5.041961193084717,124.58333587646484,11.7144775390625,5.065420150756836
-0.1595199704170227,0.10791057348251343,151.64285278320312,10.248374938964844,122.54166412353516,13.527610778808594,117.45833587646484,12.667991638183594,5.046652793884277,128.64999389648438,12.280853271484375,5.056036472320557
-0.23458820581436157,0.2252046763896942,156.0,9.716178894042969,145.2083282470703,12.892562866210938,117.45833587646484,12.667991638183594,5.046652793884277,128.64999389648438,12.280853271484375,5.056036472320557
-0.14075292646884918,0.1829787939786911,176.25,10.062828063964844,144.375,9.572883605957031,128.8333282470703,12.758354187011719,5.065420150756836,136.39999389648438,11.759048461914062,5.0701117515563965
-0.16890349984169006,0.1126023381948471,151.67857360839844,10.045417785644531,109.53571319580078,13.207992553710938,118.69999694824219,13.017082214355469,5.046652793884277,103.29166412353516,11.763725280761719,5.046652793884277
-0.2252046763896942,0.2298964411020279,143.2083282470703,10.707122802734375,113.8125,12.97528076171875,118.69999694824219,13.017082214355469,5.046652793884277,103.29166412353516,11.763725280761719,5.046652793884277
-0.21112938225269318,0.22051291167736053,151.10714721679688,10.148307800292969,103.84375,12.996849060058594,122.91666412353516,12.702308654785156,5.074803352355957,135.14999389648438,11.825004577636719,5.074803352355957
-0.21112938225269318,0.2064376175403595,182.0416717529297,10.183906555175781,109.17857360839844,13.200302124023438,119.75,12.611869812011719,5.051344871520996,146.60000610351562,11.9678955078125,5.056036472320557
-0.17359526455402374,0.26273879408836365,126.25,10.628570556640625,126.32142639160156,13.172950744628906,146.3000030517578,12.923492431640625,5.0701117515563965,101.875,12.499824523925781,5.079495429992676
-0.21582114696502686,0.1595199704170227,130.17857360839844,10.596885681152344,112.67857360839844,13.204261779785156,140.85000610351562,12.780654907226562,5.046652793884277,123.08333587646484,9.098403930664062,5.0701117515563965
-0.1126023381948471,0.22051291167736053,136.60714721679688,10.280105590820312,164.0500030517578,13.301231384277344,116.04166412353516,12.917510986328125,5.046652793884277,126.66666412353516,11.620658874511719,5.060728073120117
-0.13136939704418182,0.12198586016893387,143.2142791748047,10.129570007324219,124.39286041259766,12.793167114257812,137.0500030517578,12.701568603515625,5.0325775146484375,152.0,11.282386779785156,5.065420150756836
-0.13136939704418182,0.11729410290718079,145.92857360839844,10.424110412597656,104.69999694824219,12.18017578125,153.4499969482422,12.354103088378906,5.112337589263916,152.0,11.282386779785156,5.065420150756836
-0.19236232340335846,0.14544467628002167,114.32142639160156,10.778694152832031,91.3125,12.984054565429688,150.39999389648438,12.407417297363281,5.074803352355957,100.54166412353516,12.136070251464844,5.084187030792236
-0.1829787939786911,0.24397172033786774,126.0,10.459335327148438,106.84375,12.983505249023438,145.39999389648438,12.74664306640625,5.027885913848877,129.6999969482422,11.895851135253906,5.037269592285156
-0.13136939704418182,0.24397172033786774,140.42857360839844,10.522605895996094,151.9166717529297,13.242446899414062,145.39999389648438,12.74664306640625,5.027885913848877,102.0,11.404228210449219,5.051344871520996
-0.11729410290718079,0.24866348505020142,104.5625,10.614974975585938,146.625,12.925643920898438,99.75,12.628898620605469,5.084187030792236,127.0999984741211,11.929191589355469,5.074803352355957
-0.2252046763896942,0.24866348505020142,146.17857360839844,10.20208740234375,144.7083282470703,9.749595642089844,153.4499969482422,12.495735168457031,5.051344871520996,145.8000030517578,12.141220092773438,5.046652793884277
-0.14075292646884918,0.060992930084466934,130.5,10.186943054199219,123.85713958740234,13.26165771484375,112.91666412353516,12.752372741699219,5.0325775146484375,145.8000030517578,12.141220092773438,5.046652793884277
-0.05630116909742355,0.060992930084466934,151.7857208251953,10.171073913574219,120.39286041259766,13.344276428222656,136.64999389648438,12.650131225585938,5.084187030792236,106.04166412353516,11.972518920898438,5.074803352355957
-0.10321880877017975,0.12198586016893387,135.34375,9.719413757324219,149.0416717529297,12.976318359375,137.85000610351562,12.652938842773438,5.056036472320557,109.3499984741211,12.15570068359375,5.065420150756836
-0.13136939704418182,0.15482820570468903,174.0416717529297,9.96881103515625,149.8333282470703,12.8189697265625,144.9499969482422,12.287193298339844,5.074803352355957,109.3499984741211,12.15570068359375,5.065420150756836
-0.15482820570468903,0.15482820570468903,153.32142639160156,9.582939147949219,124.57142639160156,12.830184936523438,158.5500030517578,12.692649841308594,5.0701117515563965,128.5,12.096878051757812,5.060728073120117
-0.15482820570468903,0.15482820570468903,154.6666717529297,10.571151733398438,124.57142639160156,12.830184936523438,115.25,13.032684326171875,5.112337589263916,127.41666412353516,11.659881591796875,5.126412868499756
-0.1360611617565155,0.10321880877017975,143.64285278320312,10.070350646972656,150.875,10.158363342285156,152.64999389648438,12.776374816894531,5.131104469299316,86.95833587646484,12.072967529296875,5.112337589263916
-0.08445174992084503,0.046917639672756195,148.7142791748047,10.240097045898438,131.42857360839844,12.971420288085938,146.25,12.676223754882812,5.060728073120117,130.89999389648438,12.125152587890625,5.0325775146484375
-0.09852704405784607,0.046917639672756195,148.7142791748047,10.240097045898438,179.39999389648438,12.876708984375,146.25,12.676223754882812,5.060728073120117,128.35000610351562,12.017921447753906,5.0701117515563965
-0.09852704405784607,0.07506822049617767,156.25,9.958717346191406,122.08333587646484,12.669883728027344,137.85000610351562,13.021995544433594,5.056036472320557,107.375,12.31353759765625,5.0701117515563965
-0.07506822049617767,0.07506822049617767,142.17857360839844,10.029258728027344,151.7083282470703,13.338371276855469,128.25,13.165992736816406,5.084187030792236,144.14999389648438,12.352958679199219,5.060728073120117
-0.12198586016893387,0.19236232340335846,138.78125,9.776634216308594,145.5416717529297,13.196495056152344,153.8000030517578,12.586250305175781,5.056036472320557,101.66666412353516,12.174392700195312,5.065420150756836
-0.12198586016893387,0.19705408811569214,137.14285278320312,10.091957092285156,145.5416717529297,13.196495056152344,131.625,12.89349365234375,5.088878631591797,101.66666412353516,12.174392700195312,5.065420150756836
-0.12198586016893387,0.19705408811569214,137.14285278320312,10.091957092285156,141.375,13.079902648925781,123.83333587646484,12.928436279296875,5.074803352355957,95.83333587646484,12.360969543457031,5.065420150756836
-0.12198586016893387,0.19705408811569214,151.25,10.03759765625,148.4583282470703,12.984443664550781,150.39999389648438,12.540168762207031,5.056036472320557,144.5,11.642745971679688,5.0701117515563965
-0.12198586016893387,0.19705408811569214,172.0416717529297,9.989021301269531,138.1666717529297,13.311668395996094,120.70833587646484,13.01080322265625,5.079495429992676,109.1500015258789,12.624404907226562,5.065420150756836
-0.07975998520851135,0.16890349984169006,179.8333282470703,9.98681640625,148.875,12.859268188476562,96.95833587646484,13.252708435058594,5.117029190063477,123.125,11.863349914550781,5.074803352355957
-0.21582114696502686,0.16890349984169006,148.0357208251953,9.776603698730469,115.8125,13.158927917480469,96.95833587646484,13.252708435058594,5.117029190063477,107.05000305175781,12.227615356445312,5.126412868499756
-0.21582114696502686,0.16890349984169006,148.0357208251953,9.776603698730469,110.42857360839844,11.814437866210938,96.95833587646484,13.252708435058594,5.117029190063477,113.375,11.879966735839844,5.079495429992676
-0.21112938225269318,0.16890349984169006,175.9583282470703,9.969589233398438,137.125,12.876701354980469,153.1999969482422,12.514068603515625,5.121721267700195,125.375,11.636268615722656,5.126412868499756
-0.21112938225269318,0.16890349984169006,131.35714721679688,10.502426147460938,137.125,12.876701354980469,126.25,12.737541198730469,5.0701117515563965,120.95833587646484,11.709953308105469,5.041961193084717
-0.060992930084466934,0.16890349984169006,125.15625,10.313156127929688,125.0,12.733901977539062,128.60000610351562,13.092361450195312,5.046652793884277,130.4583282470703,11.90777587890625,5.060728073120117
-0.22051291167736053,0.08914351463317871,131.625,9.640388488769531,146.125,12.946144104003906,140.4499969482422,12.654006958007812,5.065420150756836,142.10000610351562,11.867622375488281,5.060728073120117
-0.1829787939786911,0.2298964411020279,157.9642791748047,9.628303527832031,144.625,12.963279724121094,116.29166412353516,12.757095336914062,5.060728073120117,138.85000610351562,12.341903686523438,5.056036472320557
-0.1829787939786911,0.18767055869102478,141.89285278320312,10.068977355957031,127.20833587646484,13.49688720703125,127.95833587646484,12.711738586425781,5.079495429992676,116.04166412353516,11.9742431640625,5.098262310028076
-0.1829787939786911,0.18767055869102478,141.89285278320312,10.068977355957031,127.20833587646484,13.49688720703125,123.79166412353516,12.745826721191406,5.088878631591797,116.04166412353516,11.9742431640625,5.098262310028076
-0.1829787939786911,0.028150584548711777,151.75,10.365898132324219,151.2083282470703,13.012298583984375,155.85000610351562,12.627403259277344,5.084187030792236,109.45833587646484,12.035751342773438,5.060728073120117
-0.1829787939786911,0.07975998520851135,148.7857208251953,9.831924438476562,113.1875,13.145233154296875,101.75,12.951652526855469,5.079495429992676,131.8000030517578,11.94537353515625,5.079495429992676
-0.19705408811569214,0.17828702926635742,164.9583282470703,10.352775573730469,140.0,13.3829345703125,142.35000610351562,12.320457458496094,5.084187030792236,127.25,11.733200073242188,5.074803352355957
-0.13136939704418182,0.14075292646884918,142.60714721679688,10.130172729492188,151.6666717529297,9.928428649902344,148.0500030517578,12.835731506347656,5.056036472320557,119.125,11.659042358398438,5.102953910827637
-0.16890349984169006,0.20174585282802582,152.5357208251953,10.116523742675781,114.96428680419922,13.124244689941406,135.10000610351562,12.848594665527344,5.065420150756836,109.16666412353516,11.797554016113281,5.051344871520996
-0.15013644099235535,0.12667763233184814,180.9166717529297,9.621604919433594,106.15625,13.05029296875,116.9000015258789,12.852630615234375,5.065420150756836,115.80000305175781,12.078941345214844,5.065420150756836
-0.15482820570468903,0.12667763233184814,180.9166717529297,9.621604919433594,117.10713958740234,12.95281982421875,113.83333587646484,13.073287963867188,5.056036472320557,115.80000305175781,12.078941345214844,5.065420150756836
-0.12198586016893387,0.14075292646884918,142.0357208251953,10.364784240722656,126.39286041259766,13.148551940917969,127.20833587646484,12.562713623046875,5.117029190063477,134.35000610351562,11.877754211425781,5.1076459884643555
-0.16421173512935638,0.1360611617565155,130.82142639160156,10.660591125488281,142.9166717529297,13.047958374023438,108.0,12.695060729980469,5.074803352355957,128.14999389648438,11.927047729492188,5.056036472320557
-0.15013644099235535,0.15482820570468903,157.875,10.918037414550781,153.7916717529297,12.998176574707031,108.0,12.695060729980469,5.074803352355957,103.9000015258789,12.055496215820312,5.056036472320557
-0.15013644099235535,0.12198586016893387,138.9166717529297,10.699882507324219,153.7916717529297,12.998176574707031,116.95833587646484,12.594284057617188,5.0701117515563965,123.29166412353516,11.906898498535156,5.065420150756836
-0.1126023381948471,0.12198586016893387,140.0357208251953,10.509681701660156,94.21875,13.057632446289062,108.0,12.564804077148438,5.0701117515563965,113.16666412353516,12.184951782226562,5.051344871520996
-0.1126023381948471,0.12198586016893387,172.7916717529297,10.048957824707031,94.21875,13.057632446289062,138.5500030517578,12.747703552246094,5.037269592285156,101.20833587646484,12.037628173828125,5.060728073120117
-0.24397172033786774,0.12198586016893387,143.25,10.774238586425781,123.25,13.167930603027344,130.0500030517578,12.669837951660156,5.0701117515563965,134.1999969482422,12.012931823730469,5.065420150756836
-0.24397172033786774,0.21112938225269318,139.7142791748047,10.337654113769531,123.25,13.167930603027344,147.60000610351562,11.755104064941406,5.060728073120117,122.30000305175781,12.171417236328125,5.046652793884277
-0.07975998520851135,0.07975998520851135,117.6875,10.574394226074219,127.67857360839844,13.267066955566406,112.95833587646484,12.488449096679688,5.0701117515563965,139.39999389648438,12.07794189453125,5.084187030792236
-0.17828702926635742,0.07975998520851135,117.6875,10.574394226074219,115.28571319580078,13.1343994140625,112.95833587646484,12.488449096679688,5.0701117515563965,138.85000610351562,12.0645751953125,5.051344871520996
-0.21582114696502686,0.19705408811569214,162.9166717529297,10.244186401367188,130.625,13.536918640136719,112.95833587646484,12.488449096679688,5.0701117515563965,117.08333587646484,11.926322937011719,5.051344871520996
-0.15013644099235535,0.19705408811569214,162.9166717529297,10.244186401367188,112.64286041259766,12.834083557128906,153.10000610351562,12.565666198730469,5.079495429992676,118.83333587646484,11.675704956054688,5.074803352355957
-0.2064376175403595,0.12198586016893387,146.67857360839844,9.714973449707031,116.89286041259766,13.390304565429688,116.0,12.486343383789062,5.046652793884277,125.91666412353516,11.936714172363281,5.079495429992676
-0.14544467628002167,0.20174585282802582,139.39285278320312,10.419219970703125,122.35713958740234,13.326057434082031,3.0732421875,13.523246765136719,5.126412868499756,101.75,12.053604125976562,5.098262310028076
-0.14544467628002167,0.2064376175403595,137.07142639160156,10.258522033691406,122.35713958740234,13.326057434082031,152.10000610351562,12.576515197753906,5.0701117515563965,101.75,12.053604125976562,5.098262310028076
-0.14544467628002167,0.23458820581436157,102.6875,10.809860229492188,142.2916717529297,13.047248840332031,118.625,12.764503479003906,5.0701117515563965,101.75,12.053604125976562,5.098262310028076
-0.09383527934551239,0.10791057348251343,149.17857360839844,10.146522521972656,147.35000610351562,12.71337890625,118.625,12.764503479003906,5.0701117515563965,127.69999694824219,12.276542663574219,5.060728073120117
-0.11729410290718079,0.07037646323442459,124.96875,10.161514282226562,150.8333282470703,13.318824768066406,140.9499969482422,13.077201843261719,5.041961193084717,97.91666412353516,12.170364379882812,5.0701117515563965
-0.11729410290718079,0.15013644099235535,132.32142639160156,10.436965942382812,150.8333282470703,13.318824768066406,137.4499969482422,13.282432556152344,5.056036472320557,137.39999389648438,12.100250244140625,5.060728073120117
-0.16421173512935638,0.1829787939786911,106.875,10.646934509277344,94.17857360839844,13.219291687011719,129.5833282470703,12.790290832519531,5.056036472320557,110.16666412353516,12.106216430664062,5.079495429992676
-0.09852704405784607,0.14075292646884918,151.14285278320312,10.273223876953125,147.0833282470703,12.872299194335938,103.75,12.843620300292969,5.065420150756836,106.0999984741211,12.606559753417969,5.093570709228516
-0.1829787939786911,0.2533552646636963,172.9166717529297,10.225105285644531,138.375,13.213104248046875,124.75,12.788581848144531,5.065420150756836,84.625,12.217330932617188,5.1076459884643555
-0.1829787939786911,0.2533552646636963,171.5,10.179481506347656,138.375,13.213104248046875,124.04166412353516,12.781883239746094,5.1076459884643555,145.10000610351562,12.175857543945312,5.079495429992676
-0.19705408811569214,0.1829787939786911,151.2857208251953,10.345611572265625,144.75,13.080001831054688,96.45833587646484,12.870079040527344,5.131104469299316,151.25,11.948471069335938,5.121721267700195
-0.16421173512935638,0.1829787939786911,151.2857208251953,10.345611572265625,140.6666717529297,13.003761291503906,137.64999389648438,12.018989562988281,5.088878631591797,149.4499969482422,12.017410278320312,5.060728073120117
-0.16890349984169006,0.16421173512935638,135.85714721679688,10.053207397460938,126.46428680419922,13.0360107421875,147.10000610351562,13.155906677246094,5.079495429992676,148.89999389648438,12.276947021484375,5.065420150756836
-0.21112938225269318,0.16890349984169006,141.82142639160156,10.292861938476562,117.60713958740234,13.003753662109375,134.75,12.769607543945312,5.051344871520996,150.9499969482422,12.012977600097656,5.060728073120117
-0.1829787939786911,0.21582114696502686,152.7142791748047,10.080574035644531,129.39285278320312,13.287773132324219,137.60000610351562,13.213485717773438,5.051344871520996,150.9499969482422,12.012977600097656,5.060728073120117
-0.15482820570468903,0.1595199704170227,118.09375,10.243179321289062,123.07142639160156,13.172439575195312,108.54166412353516,13.233680725097656,5.060728073120117,114.04166412353516,12.148017883300781,5.041961193084717
-0.15482820570468903,0.09383527934551239,147.42857360839844,9.824241638183594,123.07142639160156,13.172439575195312,126.4000015258789,13.430274963378906,5.056036472320557,125.4000015258789,12.476097106933594,5.079495429992676
-0.15482820570468903,0.16890349984169006,148.67857360839844,9.646751403808594,130.0833282470703,13.394561767578125,126.4000015258789,13.430274963378906,5.056036472320557,125.4000015258789,12.476097106933594,5.079495429992676
-0.20174585282802582,0.16890349984169006,129.28125,10.049697875976562,109.6875,9.767890930175781,154.35000610351562,12.788948059082031,5.084187030792236,130.5500030517578,12.425834655761719,5.041961193084717
-0.20174585282802582,0.16890349984169006,160.60714721679688,9.660537719726562,109.6875,9.767890930175781,130.375,13.08416748046875,5.074803352355957,124.44999694824219,12.344871520996094,5.074803352355957
-0.14544467628002167,0.1595199704170227,131.7857208251953,10.452682495117188,121.39286041259766,13.305473327636719,154.14999389648438,12.574424743652344,5.121721267700195,111.66666412353516,12.202972412109375,5.088878631591797
-0.14075292646884918,0.17828702926635742,138.7857208251953,10.575851440429688,120.39286041259766,12.817924499511719,147.10000610351562,12.912017822265625,5.0701117515563965,111.69999694824219,12.511711120605469,5.084187030792236
-0.19236232340335846,0.17828702926635742,152.5357208251953,9.453689575195312,135.7083282470703,13.046218872070312,147.10000610351562,12.912017822265625,5.0701117515563965,148.64999389648438,12.110023498535156,5.084187030792236
-0.16890349984169006,0.17828702926635742,184.7083282470703,9.879547119140625,101.28125,12.773094177246094,150.5,12.955429077148438,5.102953910827637,148.64999389648438,12.110023498535156,5.084187030792236
-0.1829787939786911,0.1829787939786911,147.2142791748047,9.86297607421875,111.67857360839844,13.312828063964844,140.25,13.055320739746094,5.065420150756836,130.14999389648438,12.332664489746094,5.088878631591797
-0.1829787939786911,0.17828702926635742,125.39286041259766,10.501655578613281,123.07142639160156,13.400184631347656,140.25,13.055320739746094,5.065420150756836,54.9375,3.5994796752929688,5.088878631591797
-0.1829787939786911,0.17828702926635742,125.39286041259766,10.501655578613281,134.625,12.974700927734375,103.875,13.066726684570312,5.065420150756836,115.83333587646484,12.286430358886719,5.065420150756836
-0.14075292646884918,0.11729410290718079,159.7916717529297,10.374969482421875,148.2916717529297,13.56378173828125,155.6999969482422,13.289070129394531,5.056036472320557,116.125,12.415481567382812,5.0701117515563965
-0.18767055869102478,0.1595199704170227,167.375,10.306068420410156,141.0833282470703,13.066131591796875,153.39999389648438,12.929679870605469,5.056036472320557,140.35000610351562,12.21441650390625,5.056036472320557
-0.18767055869102478,0.22051291167736053,142.7142791748047,9.509796142578125,128.7857208251953,13.275886535644531,143.14999389648438,13.213424682617188,5.060728073120117,143.5,12.247062683105469,5.065420150756836
-0.18767055869102478,0.11729410290718079,147.67857360839844,9.4716796875,128.7857208251953,13.275886535644531,144.5,12.902229309082031,5.0701117515563965,143.10000610351562,12.464469909667969,5.065420150756836
-0.12198586016893387,0.20174585282802582,111.625,10.4422607421875,119.67857360839844,13.145004272460938,147.85000610351562,12.979415893554688,5.093570709228516,143.10000610351562,12.464469909667969,5.065420150756836
-0.17828702926635742,0.11729410290718079,135.5625,9.567123413085938,153.25,10.340919494628906,151.1999969482422,13.211578369140625,5.046652793884277,107.75,12.12811279296875,5.065420150756836
-0.14075292646884918,0.19236232340335846,157.39285278320312,9.929718017578125,107.1875,13.002967834472656,151.1999969482422,13.211578369140625,5.046652793884277,107.75,12.12811279296875,5.065420150756836
-0.11729410290718079,0.19236232340335846,157.39285278320312,9.929718017578125,134.0416717529297,13.390907287597656,132.0416717529297,13.124221801757812,5.046652793884277,111.5,12.013458251953125,5.0701117515563965
-0.11729410290718079,0.16890349984169006,139.0,9.696640014648438,113.60713958740234,13.103630065917969,126.29166412353516,12.922378540039062,5.041961193084717,182.6875,12.100753784179688,5.037269592285156
-0.21582114696502686,0.16421173512935638,127.03571319580078,10.554008483886719,168.6999969482422,13.338462829589844,121.19999694824219,13.470314025878906,5.074803352355957,124.375,12.103706359863281,5.074803352355957
-0.09383527934551239,0.17828702926635742,164.3333282470703,9.889091491699219,92.4375,9.398231506347656,134.64999389648438,13.012886047363281,5.065420150756836,124.41666412353516,12.18505859375,5.1076459884643555
-0.08445174992084503,0.15013644099235535,179.4583282470703,10.083290100097656,149.625,12.745895385742188,126.55000305175781,13.338623046875,5.1076459884643555,146.0,12.513717651367188,5.046652793884277
-0.12667763233184814,0.16421173512935638,147.07142639160156,9.840721130371094,128.875,13.651176452636719,101.66666412353516,13.203361511230469,5.093570709228516,148.8000030517578,12.154960632324219,5.140488147735596
-0.13136939704418182,0.08914351463317871,115.07142639160156,10.679061889648438,139.75,13.01544189453125,117.08333587646484,13.263450622558594,5.093570709228516,111.125,12.1666259765625,5.051344871520996
-0.13136939704418182,0.08914351463317871,130.78125,9.891441345214844,139.75,13.01544189453125,117.5,12.935646057128906,5.051344871520996,137.0,12.497047424316406,5.051344871520996
-0.13136939704418182,0.08914351463317871,145.42857360839844,10.180824279785156,120.21428680419922,13.134323120117188,136.75,13.316383361816406,5.056036472320557,138.8000030517578,12.393753051757812,5.051344871520996
-0.13136939704418182,0.08914351463317871,145.42857360839844,10.180824279785156,120.21428680419922,13.134323120117188,136.75,13.316383361816406,5.056036472320557,135.35000610351562,12.246315002441406,5.051344871520996
-0.13136939704418182,0.16421173512935638,115.55555725097656,9.444725036621094,177.39999389648438,13.011322021484375,116.75,13.453254699707031,5.037269592285156,110.25,12.318405151367188,5.056036472320557
-0.13136939704418182,0.19236232340335846,171.75,9.972877502441406,129.5,13.388603210449219,152.14999389648438,13.013343811035156,5.131104469299316,78.375,12.552986145019531,5.112337589263916
-0.21112938225269318,0.21582114696502686,156.7083282470703,10.538772583007812,122.03571319580078,12.815864562988281,152.14999389648438,13.013343811035156,5.131104469299316,113.75,11.911384582519531,5.093570709228516
-0.18767055869102478,0.21582114696502686,156.7083282470703,10.538772583007812,146.4166717529297,12.904960632324219,156.60000610351562,12.942703247070312,5.074803352355957,134.75,12.386634826660156,5.074803352355957
-0.18767055869102478,0.11729410290718079,120.5625,10.148719787597656,146.4166717529297,12.904960632324219,155.89999389648438,13.139945983886719,5.088878631591797,116.625,12.325180053710938,5.079495429992676
-0.24397172033786774,0.22051291167736053,144.2083282470703,10.530197143554688,123.67857360839844,13.258872985839844,146.0500030517578,12.990394592285156,5.079495429992676,104.45833587646484,12.36993408203125,5.041961193084717
-0.19705408811569214,0.21112938225269318,149.25,10.045501708984375,144.25,9.847610473632812,146.0500030517578,12.990394592285156,5.079495429992676,89.04166412353516,5.454376220703125,5.088878631591797
-0.19705408811569214,0.21112938225269318,130.09375,9.993118286132812,144.25,9.847610473632812,110.79166412353516,12.981712341308594,5.098262310028076,126.875,11.963005065917969,5.0701117515563965
-0.14544467628002167,0.17359526455402374,140.92857360839844,9.856582641601562,147.4583282470703,12.957168579101562,153.64999389648438,13.075576782226562,5.060728073120117,125.6500015258789,12.673599243164062,5.093570709228516
-0.06568469852209091,0.08445174992084503,154.4166717529297,10.501449584960938,95.90625,13.181167602539062,153.64999389648438,13.075576782226562,5.060728073120117,112.16666412353516,12.232490539550781,5.037269592285156
-0.16421173512935638,0.18767055869102478,175.5833282470703,9.722396850585938,103.3125,12.727119445800781,116.19999694824219,12.734443664550781,5.084187030792236,138.1999969482422,12.366859436035156,5.084187030792236
-0.12667763233184814,0.10791057348251343,174.5833282470703,9.971145629882812,130.9642791748047,13.094413757324219,137.89999389648438,13.250343322753906,5.037269592285156,138.1999969482422,12.366859436035156,5.084187030792236
-0.14544467628002167,0.10791057348251343,174.5833282470703,9.971145629882812,111.59375,12.800048828125,121.83333587646484,13.185798645019531,5.037269592285156,138.1999969482422,12.366859436035156,5.084187030792236
-0.10321880877017975,0.19236232340335846,148.42857360839844,9.984642028808594,125.57142639160156,12.849327087402344,121.83333587646484,13.185798645019531,5.037269592285156,119.75,12.36767578125,5.0701117515563965
-0.1595199704170227,0.17359526455402374,147.14285278320312,9.774803161621094,111.67857360839844,13.176063537597656,150.9499969482422,12.920707702636719,5.093570709228516,126.54166412353516,12.1614990234375,5.093570709228516
-0.2252046763896942,0.17359526455402374,147.14285278320312,9.774803161621094,132.125,13.123245239257812,143.85000610351562,12.940544128417969,5.0701117515563965,142.3000030517578,12.035659790039062,5.051344871520996
-0.17828702926635742,0.24866348505020142,149.7142791748047,9.834342956542969,123.71428680419922,13.070930480957031,150.89999389648438,12.947555541992188,5.074803352355957,109.91666412353516,12.378692626953125,5.112337589263916
-0.14075292646884918,0.10791057348251343,150.25,10.195220947265625,136.1666717529297,13.182090759277344,124.54166412353516,12.749809265136719,5.065420150756836,115.05000305175781,12.439651489257812,5.074803352355957
-0.14075292646884918,0.22051291167736053,127.35713958740234,10.310745239257812,110.82142639160156,12.676307678222656,108.75,13.354736328125,5.112337589263916,111.66666412353516,12.489585876464844,5.1076459884643555
-0.17828702926635742,0.11729410290718079,136.0357208251953,9.940780639648438,146.5,13.046318054199219,145.1999969482422,12.920616149902344,5.056036472320557,148.14999389648438,11.884368896484375,5.088878631591797
-0.17828702926635742,0.2064376175403595,147.25,9.866691589355469,96.0,12.762657165527344,118.16666412353516,12.989387512207031,5.102953910827637,111.5,12.095314025878906,5.065420150756836
-0.17828702926635742,0.15013644099235535,177.7083282470703,9.946769714355469,96.0,12.762657165527344,154.89999389648438,12.88177490234375,5.0701117515563965,111.04166412353516,12.3681640625,5.051344871520996
-0.1360611617565155,0.15013644099235535,177.7083282470703,9.946769714355469,127.57142639160156,10.293121337890625,130.60000610351562,13.06744384765625,5.079495429992676,107.375,12.349235534667969,5.079495429992676
-0.1360611617565155,0.09383527934551239,159.0416717529297,9.992080688476562,127.57142639160156,10.293121337890625,121.83333587646484,13.047027587890625,5.1076459884643555,146.8000030517578,12.200820922851562,5.117029190063477
-0.13136939704418182,0.20174585282802582,134.25,9.642425537109375,142.3333282470703,12.850494384765625,130.8000030517578,13.123725891113281,5.046652793884277,148.64999389648438,12.243293762207031,5.065420150756836
-0.13136939704418182,0.20174585282802582,134.25,9.642425537109375,142.3333282470703,12.850494384765625,170.0625,12.976882934570312,5.084187030792236,98.44999694824219,12.161979675292969,5.084187030792236
-0.2533552646636963,0.20174585282802582,121.14286041259766,10.307235717773438,132.32142639160156,13.081924438476562,154.14999389648438,12.807693481445312,5.088878631591797,141.10000610351562,11.835861206054688,5.065420150756836
-0.2533552646636963,0.21112938225269318,160.9583282470703,10.14129638671875,132.32142639160156,13.081924438476562,146.4499969482422,12.739326477050781,5.084187030792236,125.29166412353516,12.095108032226562,5.074803352355957
-0.16890349984169006,0.14544467628002167,133.0625,10.161598205566406,121.21428680419922,12.839828491210938,146.4499969482422,12.739326477050781,5.084187030792236,125.29166412353516,12.095108032226562,5.074803352355957
-0.15013644099235535,0.14544467628002167,146.57142639160156,10.002906799316406,127.75,13.231109619140625,129.3000030517578,12.896194458007812,5.079495429992676,103.70833587646484,12.321121215820312,5.0701117515563965
-0.14544467628002167,0.1360611617565155,177.7916717529297,9.924003601074219,144.0,12.864547729492188,132.64999389648438,13.020469665527344,5.056036472320557,118.79166412353516,12.042427062988281,5.060728073120117
-0.07506822049617767,0.11729410290718079,149.375,10.393096923828125,125.29166412353516,13.338111877441406,127.80000305175781,13.165267944335938,5.051344871520996,136.60000610351562,12.573738098144531,5.051344871520996
-0.07506822049617767,0.19705408811569214,170.5,9.916732788085938,121.82142639160156,13.207305908203125,149.0500030517578,12.926948547363281,5.0701117515563965,122.75,12.27618408203125,5.060728073120117
-0.16890349984169006,0.13136939704418182,150.7142791748047,10.238693237304688,145.7916717529297,12.900970458984375,142.1999969482422,12.802238464355469,5.065420150756836,108.16666412353516,12.12542724609375,5.051344871520996
-0.16421173512935638,0.19705408811569214,163.5,10.240196228027344,149.7083282470703,13.064170837402344,142.1999969482422,12.802238464355469,5.065420150756836,108.16666412353516,12.12542724609375,5.051344871520996
-0.2064376175403595,0.15482820570468903,145.57142639160156,9.99151611328125,103.4375,13.212806701660156,133.60000610351562,13.114982604980469,5.0701117515563965,143.5500030517578,11.890678405761719,5.065420150756836
-0.13136939704418182,0.15482820570468903,166.0833282470703,9.894477844238281,117.28571319580078,13.039497375488281,127.58333587646484,12.779006958007812,5.0701117515563965,114.45833587646484,12.03314208984375,5.046652793884277
-0.16421173512935638,0.15482820570468903,154.2857208251953,9.748764038085938,140.0,13.340354919433594,127.58333587646484,12.779006958007812,5.0701117515563965,93.875,12.135284423828125,5.046652793884277
-0.16890349984169006,0.14544467628002167,153.0357208251953,9.971946716308594,145.125,13.01171875,147.4499969482422,13.069869995117188,5.046652793884277,144.4499969482422,12.435722351074219,5.084187030792236
-0.10791057348251343,0.09852704405784607,168.0416717529297,10.243316650390625,142.8333282470703,12.930809020996094,186.125,12.810997009277344,5.046652793884277,111.16666412353516,12.279258728027344,5.0325775146484375
-0.10791057348251343,0.09852704405784607,168.0416717529297,10.243316650390625,142.8333282470703,12.930809020996094,186.125,12.810997009277344,5.046652793884277,141.3000030517578,12.055473327636719,5.065420150756836
-0.12198586016893387,0.09852704405784607,125.25,9.941162109375,124.375,13.341567993164062,107.70833587646484,12.846023559570312,5.093570709228516,123.125,12.174148559570312,5.065420150756836
-0.2298964411020279,0.1829787939786911,156.35714721679688,9.993133544921875,140.5416717529297,12.898902893066406,117.95833587646484,13.0611572265625,5.046652793884277,133.75,12.33221435546875,5.074803352355957
-0.15482820570468903,0.18767055869102478,159.4166717529297,10.296920776367188,111.53571319580078,13.329666137695312,112.16666412353516,12.857940673828125,5.084187030792236,122.58333587646484,12.0968017578125,5.074803352355957
-0.20174585282802582,0.19236232340335846,97.21875,10.615386962890625,112.10713958740234,13.190727233886719,112.16666412353516,12.857940673828125,5.084187030792236,108.66666412353516,12.23968505859375,5.0701117515563965
-0.1360611617565155,0.14075292646884918,139.42857360839844,10.162796020507812,107.46428680419922,13.237907409667969,112.16666412353516,12.857940673828125,5.084187030792236,106.04166412353516,11.951454162597656,5.046652793884277
-0.1360611617565155,0.15013644099235535,102.15625,10.883140563964844,107.46428680419922,13.237907409667969,142.5,12.622589111328125,5.056036472320557,106.04166412353516,11.951454162597656,5.046652793884277
-0.19705408811569214,0.20174585282802582,131.57142639160156,10.320419311523438,143.875,13.315933227539062,142.10000610351562,12.18719482421875,5.084187030792236,106.375,11.954597473144531,5.046652793884277
-0.19236232340335846,0.2298964411020279,137.32142639160156,10.416419982910156,119.42857360839844,13.115150451660156,124.125,12.700836181640625,5.117029190063477,154.8000030517578,11.949134826660156,5.098262310028076
-0.19236232340335846,0.2298964411020279,145.42857360839844,10.339309692382812,119.42857360839844,13.115150451660156,156.60000610351562,12.55596923828125,5.079495429992676,109.0,11.845245361328125,5.093570709228516
-0.2298964411020279,0.19236232340335846,177.8333282470703,9.856788635253906,111.14286041259766,13.28729248046875,141.85000610351562,12.864860534667969,5.056036472320557,122.58333587646484,12.043014526367188,5.065420150756836
-0.18767055869102478,0.15013644099235535,159.4583282470703,9.936973571777344,140.5416717529297,12.96160888671875,98.58333587646484,12.918991088867188,5.131104469299316,151.0500030517578,11.980010986328125,5.041961193084717
-0.10321880877017975,0.1126023381948471,130.60714721679688,9.979957580566406,122.46428680419922,13.589118957519531,98.58333587646484,12.918991088867188,5.131104469299316,132.3000030517578,12.081306457519531,5.088878631591797
-0.2064376175403595,0.08914351463317871,151.17857360839844,9.529808044433594,113.53125,12.949005126953125,117.75,12.764732360839844,5.056036472320557,100.8499984741211,12.038711547851562,5.056036472320557
-0.12667763233184814,0.14544467628002167,135.375,10.598091125488281,130.25,13.15771484375,127.19999694824219,13.029312133789062,5.079495429992676,100.8499984741211,12.038711547851562,5.056036472320557
-0.12667763233184814,0.16890349984169006,135.03125,9.83782958984375,130.25,13.15771484375,135.4499969482422,12.9296875,5.079495429992676,100.8499984741211,12.038711547851562,5.056036472320557
-0.18767055869102478,0.16890349984169006,173.0416717529297,9.959663391113281,148.2083282470703,13.194862365722656,135.60000610351562,12.933158874511719,5.093570709228516,90.33333587646484,12.308395385742188,5.0701117515563965
-0.19236232340335846,0.22051291167736053,142.82142639160156,10.278480529785156,126.16666412353516,13.255500793457031,127.83333587646484,12.745529174804688,5.121721267700195,152.8000030517578,12.210556030273438,5.0701117515563965
-0.1360611617565155,0.17828702926635742,151.7142791748047,10.038230895996094,103.28571319580078,12.897140502929688,121.30000305175781,12.516586303710938,5.098262310028076,117.75,11.925239562988281,5.0701117515563965
-0.1360611617565155,0.09852704405784607,154.9583282470703,10.348281860351562,117.85713958740234,13.152030944824219,125.04166412353516,12.591835021972656,5.037269592285156,133.75,11.808952331542969,5.046652793884277
-0.1360611617565155,0.19236232340335846,124.21428680419922,10.423141479492188,117.85713958740234,13.152030944824219,123.29166412353516,12.7662353515625,5.079495429992676,133.75,11.808952331542969,5.046652793884277
-0.2533552646636963,0.17828702926635742,168.5833282470703,9.950752258300781,136.9583282470703,13.479499816894531,151.8000030517578,12.815093994140625,5.079495429992676,117.25,12.090766906738281,5.084187030792236
-0.24866348505020142,0.22051291167736053,148.67857360839844,10.100753784179688,121.39286041259766,13.1011962890625,110.0,12.804740905761719,5.060728073120117,147.60000610351562,12.049850463867188,5.074803352355957
-0.19705408811569214,0.22051291167736053,148.67857360839844,10.100753784179688,110.25,13.306465148925781,148.35000610351562,12.657806396484375,5.046652793884277,123.04166412353516,12.000534057617188,5.046652793884277
-0.19705408811569214,0.22051291167736053,144.75,10.054779052734375,112.375,13.032875061035156,114.625,12.86029052734375,5.060728073120117,114.0,11.868049621582031,5.0701117515563965
-0.19705408811569214,0.22051291167736053,167.7916717529297,10.347343444824219,112.375,13.032875061035156,150.60000610351562,12.629905700683594,5.074803352355957,155.10000610351562,11.991424560546875,5.093570709228516
-0.19705408811569214,0.22051291167736053,148.85714721679688,10.04052734375,126.45833587646484,13.011337280273438,105.3499984741211,12.961601257324219,5.149871826171875,149.8000030517578,11.855575561523438,5.131104469299316
-0.1360611617565155,0.17359526455402374,110.1875,10.495849609375,116.07142639160156,13.089523315429688,115.44999694824219,13.279525756835938,5.074803352355957,140.0500030517578,12.119781494140625,5.041961193084717
-0.16421173512935638,0.16890349984169006,152.1666717529297,10.350379943847656,150.7083282470703,13.024383544921875,151.25,12.987464904785156,5.041961193084717,123.29166412353516,11.990615844726562,5.074803352355957
-0.10321880877017975,0.14075292646884918,142.67857360839844,10.33770751953125,147.7916717529297,13.228935241699219,141.10000610351562,13.223686218261719,5.088878631591797,123.19999694824219,11.958953857421875,5.074803352355957
-0.10321880877017975,0.05630116909742355,139.5357208251953,10.373756408691406,147.7916717529297,13.228935241699219,128.125,12.786262512207031,5.112337589263916,93.82142639160156,12.351844787597656,5.093570709228516
-0.10321880877017975,0.051609404385089874,158.875,10.128852844238281,87.5,4.105308532714844,152.3000030517578,12.773452758789062,5.051344871520996,93.82142639160156,12.351844787597656,5.093570709228516
-0.10321880877017975,0.1829787939786911,173.5,10.216819763183594,118.28571319580078,13.315864562988281,128.0833282470703,12.736526489257812,5.065420150756836,137.35000610351562,11.624908447265625,5.056036472320557
-0.15013644099235535,0.16890349984169006,141.85714721679688,10.372787475585938,132.0357208251953,9.982070922851562,131.9499969482422,12.406425476074219,5.121721267700195,137.35000610351562,11.624908447265625,5.056036472320557
-0.15013644099235535,0.07506822049617767,175.0,10.32305908203125,132.0357208251953,9.982070922851562,145.8000030517578,12.84075927734375,5.0701117515563965,149.39999389648438,11.873443603515625,5.098262310028076
-0.10791057348251343,0.07506822049617767,139.67857360839844,10.161766052246094,110.78571319580078,13.054801940917969,145.35000610351562,12.651313781738281,5.056036472320557,148.6999969482422,11.884742736816406,5.056036472320557
-0.10791057348251343,0.07506822049617767,130.07142639160156,10.569046020507812,126.16666412353516,13.259246826171875,145.35000610351562,12.651313781738281,5.056036472320557,133.39999389648438,11.57147216796875,5.065420150756836
-0.10791057348251343,0.16890349984169006,153.9642791748047,9.946929931640625,126.16666412353516,13.259246826171875,120.25,12.861412048339844,5.084187030792236,123.44999694824219,11.796516418457031,5.065420150756836
-0.10791057348251343,0.16421173512935638,130.46875,9.580459594726562,131.375,13.102485656738281,123.75,12.612617492675781,5.084187030792236,123.44999694824219,11.796516418457031,5.065420150756836
-0.10791057348251343,0.2064376175403595,143.5357208251953,10.650077819824219,109.71428680419922,13.186607360839844,145.39999389648438,12.615852355957031,5.084187030792236,147.35000610351562,11.813629150390625,5.065420150756836
-0.13136939704418182,0.18767055869102478,134.4642791748047,10.297569274902344,99.40625,13.283432006835938,103.25,13.023788452148438,5.084187030792236,156.8000030517578,11.830451965332031,5.112337589263916
-0.18767055869102478,0.10791057348251343,171.2916717529297,9.887191772460938,127.17857360839844,12.750030517578125,150.25,12.440139770507812,5.1076459884643555,101.69999694824219,11.8521728515625,5.1076459884643555
-0.14075292646884918,0.18767055869102478,163.0416717529297,10.1328125,110.32142639160156,13.181373596191406,151.5500030517578,12.569046020507812,5.084187030792236,101.69999694824219,11.8521728515625,5.1076459884643555
-0.14075292646884918,0.14544467628002167,151.92857360839844,10.221061706542969,110.32142639160156,13.181373596191406,144.85000610351562,12.744972229003906,5.0701117515563965,101.69999694824219,11.8521728515625,5.1076459884643555
-0.15013644099235535,0.14075292646884918,136.35714721679688,10.280174255371094,144.7916717529297,12.941123962402344,131.0500030517578,13.165382385253906,5.023194313049316,93.42857360839844,11.889976501464844,5.046652793884277
-0.16890349984169006,0.1360611617565155,117.96428680419922,10.959602355957031,147.0833282470703,13.269493103027344,150.39999389648438,12.900360107421875,5.056036472320557,93.42857360839844,11.889976501464844,5.046652793884277
-0.1360611617565155,0.16890349984169006,140.7857208251953,9.953254699707031,119.57142639160156,12.847793579101562,129.2083282470703,12.675148010253906,5.1076459884643555,147.60000610351562,11.912826538085938,5.112337589263916
-0.21112938225269318,0.1595199704170227,143.39285278320312,10.002571105957031,135.0,12.686065673828125,118.875,12.55035400390625,5.084187030792236,131.10000610351562,12.045967102050781,5.079495429992676
-0.10791057348251343,0.10321880877017975,151.25,10.298500061035156,143.3333282470703,12.897605895996094,118.875,12.55035400390625,5.084187030792236,131.10000610351562,12.045967102050781,5.079495429992676
-0.16421173512935638,0.16890349984169006,176.75,10.05462646484375,144.4166717529297,13.086761474609375,155.35000610351562,12.591682434082031,5.065420150756836,121.55000305175781,12.101692199707031,5.051344871520996
-0.11729410290718079,0.08445174992084503,133.07142639160156,10.289596557617188,110.96428680419922,12.676040649414062,141.6999969482422,12.530570983886719,5.084187030792236,111.375,12.077133178710938,5.060728073120117
-0.10321880877017975,0.13136939704418182,137.17857360839844,10.15289306640625,145.9583282470703,13.577468872070312,137.14999389648438,12.733474731445312,5.046652793884277,114.29166412353516,11.583183288574219,5.074803352355957
-0.10321880877017975,0.13136939704418182,121.125,10.477912902832031,145.9583282470703,13.577468872070312,112.91666412353516,12.739059448242188,5.0325775146484375,118.45833587646484,12.310562133789062,5.041961193084717
-0.13136939704418182,0.19705408811569214,145.0357208251953,10.227088928222656,123.89286041259766,12.940155029296875,112.91666412353516,12.739059448242188,5.0325775146484375,118.45833587646484,12.310562133789062,5.041961193084717
-0.16421173512935638,0.19705408811569214,145.0357208251953,10.227088928222656,107.10713958740234,13.266082763671875,106.44999694824219,13.251266479492188,5.093570709228516,149.5,11.615554809570312,5.065420150756836
-0.17828702926635742,0.17359526455402374,117.15625,10.299301147460938,143.6666717529297,12.9188232421875,106.44999694824219,13.251266479492188,5.093570709228516,104.80000305175781,12.074569702148438,5.102953910827637
-0.07037646323442459,0.05630116909742355,134.375,10.0113525390625,125.92857360839844,13.047462463378906,145.10000610351562,12.477142333984375,5.065420150756836,104.80000305175781,12.074569702148438,5.102953910827637
-0.12198586016893387,0.2252046763896942,136.32142639160156,10.657371520996094,142.8333282470703,13.081138610839844,152.6999969482422,12.821800231933594,5.102953910827637,119.54166412353516,11.900375366210938,5.056036472320557
-0.23927995562553406,0.19705408811569214,138.03125,9.867172241210938,175.60000610351562,13.171760559082031,90.0,12.852340698242188,5.117029190063477,122.29166412353516,11.827629089355469,5.126412868499756
-0.22051291167736053,0.2064376175403595,153.0,9.706672668457031,136.5833282470703,13.100486755371094,116.75,13.023399353027344,5.112337589263916,111.875,11.945213317871094,5.098262310028076
-0.19236232340335846,0.19236232340335846,171.5416717529297,9.867134094238281,172.85000610351562,13.146926879882812,146.10000610351562,13.018272399902344,5.0701117515563965,103.41666412353516,11.957000732421875,5.0701117515563965
-0.19236232340335846,0.18767055869102478,132.625,9.251205444335938,172.85000610351562,13.146926879882812,139.25,12.774139404296875,5.0701117515563965,144.89999389648438,12.079513549804688,5.065420150756836
-0.26743054389953613,0.1829787939786911,130.9375,9.964500427246094,128.9166717529297,13.339897155761719,107.875,12.9969482421875,5.074803352355957,144.89999389648438,12.079513549804688,5.065420150756836
-0.21112938225269318,0.2533552646636963,148.67857360839844,10.080696105957031,141.25,13.138877868652344,129.375,12.796463012695312,5.0701117515563965,112.66666412353516,12.330818176269531,5.051344871520996
-0.13136939704418182,0.18767055869102478,122.96875,10.094841003417969,145.3333282470703,13.348960876464844,147.14999389648438,12.720619201660156,5.056036472320557,187.8125,11.948265075683594,5.079495429992676
-0.13136939704418182,0.18767055869102478,122.96875,10.094841003417969,129.25,13.154922485351562,147.10000610351562,12.831832885742188,5.084187030792236,187.8125,11.948265075683594,5.079495429992676
-0.13136939704418182,0.18767055869102478,122.96875,10.094841003417969,129.25,13.154922485351562,126.41666412353516,12.708450317382812,5.079495429992676,114.05000305175781,12.236297607421875,5.079495429992676
-0.1126023381948471,0.1595199704170227,126.4375,9.957969665527344,144.0,13.009048461914062,107.33333587646484,12.926063537597656,5.065420150756836,113.55000305175781,12.31414794921875,5.065420150756836
-0.17828702926635742,0.1595199704170227,126.4375,9.957969665527344,91.75,13.057395935058594,138.85000610351562,13.160667419433594,5.037269592285156,100.25,12.096168518066406,5.056036472320557
-0.17828702926635742,0.19236232340335846,178.4166717529297,10.172294616699219,143.5833282470703,13.165077209472656,126.95833587646484,12.703750610351562,5.102953910827637,110.83333587646484,11.933517456054688,5.065420150756836
-0.17828702926635742,0.023458819836378098,151.14285278320312,9.9376220703125,124.21428680419922,12.775947570800781,141.0,12.753646850585938,5.056036472320557,101.28571319580078,11.895378112792969,5.056036472320557
-0.08445174992084503,0.20174585282802582,130.84375,9.675750732421875,157.5,13.218154907226562,141.60000610351562,12.863990783691406,5.056036472320557,101.28571319580078,11.895378112792969,5.056036472320557
-0.19705408811569214,0.20174585282802582,130.84375,9.675750732421875,111.07142639160156,13.323158264160156,126.04166412353516,12.376663208007812,5.074803352355957,123.55000305175781,12.015739440917969,5.037269592285156
-0.19705408811569214,0.1360611617565155,162.375,9.951423645019531,150.89999389648438,13.10833740234375,144.6999969482422,12.557868957519531,5.065420150756836,107.79166412353516,11.834335327148438,5.037269592285156
-0.21112938225269318,0.2580470144748688,129.59375,10.059028625488281,129.5833282470703,13.249000549316406,140.5,12.864959716796875,5.027885913848877,107.79166412353516,11.834335327148438,5.037269592285156
-0.22051291167736053,0.16890349984169006,151.17857360839844,9.657463073730469,147.7083282470703,13.1767578125,151.39999389648438,12.558258056640625,5.027885913848877,107.79166412353516,11.834335327148438,5.037269592285156
-0.16890349984169006,0.14544467628002167,138.9642791748047,10.520912170410156,119.57142639160156,13.14434814453125,115.9000015258789,13.192611694335938,5.027885913848877,107.79166412353516,11.834335327148438,5.037269592285156
-0.1360611617565155,0.14544467628002167,126.5625,10.177909851074219,120.64286041259766,13.401763916015625,152.75,12.377174377441406,5.056036472320557,128.8000030517578,11.854972839355469,5.065420150756836
-0.1595199704170227,0.14544467628002167,143.35714721679688,10.269477844238281,123.75,13.047584533691406,181.125,12.236717224121094,5.041961193084717,101.04166412353516,12.203697204589844,5.060728073120117
-0.10791057348251343,0.12198586016893387,147.64285278320312,10.13629150390625,141.625,13.166633605957031,110.8499984741211,12.75677490234375,5.102953910827637,98.58333587646484,12.083541870117188,5.041961193084717
-0.16421173512935638,0.17359526455402374,133.34375,10.203842163085938,142.0,13.524482727050781,108.4000015258789,12.909805297851562,5.102953910827637,152.8000030517578,11.829330444335938,5.112337589263916
-0.20174585282802582,0.15013644099235535,126.21428680419922,10.616859436035156,145.0,9.723190307617188,108.4000015258789,12.909805297851562,5.102953910827637,117.54166412353516,12.046638488769531,5.074803352355957
-0.17359526455402374,0.17828702926635742,155.4166717529297,10.793899536132812,99.0,13.1435546875,156.14999389648438,12.797248840332031,5.084187030792236,101.5,12.061233520507812,5.112337589263916
-0.17359526455402374,0.1595199704170227,148.92857360839844,9.920318603515625,99.0,13.1435546875,113.83333587646484,12.706626892089844,5.126412868499756,101.5,12.061233520507812,5.112337589263916
-0.046917639672756195,-0.004691763781011105,132.0357208251953,10.269241333007812,96.32142639160156,12.660240173339844,138.5500030517578,12.950027465820312,5.056036472320557,96.45833587646484,11.984214782714844,5.1076459884643555
-0.046917639672756195,0.13136939704418182,170.8333282470703,10.319725036621094,122.10713958740234,13.255973815917969,105.41666412353516,12.42095947265625,5.084187030792236,131.5500030517578,11.667266845703125,5.065420150756836
-0.1595199704170227,0.13136939704418182,137.89285278320312,10.043380737304688,115.25,13.088150024414062,144.39999389648438,12.384735107421875,5.065420150756836,124.95833587646484,11.70745849609375,5.0701117515563965
-0.13136939704418182,0.13136939704418182,127.92857360839844,10.410041809082031,128.4642791748047,12.941787719726562,126.25,12.538658142089844,5.065420150756836,97.125,11.751754760742188,5.0701117515563965
-0.13136939704418182,0.13136939704418182,139.42857360839844,10.437553405761719,137.875,12.370498657226562,114.54166412353516,12.828849792480469,5.079495429992676,126.8499984741211,11.861831665039062,5.065420150756836
-0.13136939704418182,0.09383527934551239,136.5,10.174880981445312,137.875,12.370498657226562,123.91666412353516,12.852073669433594,5.074803352355957,126.8499984741211,11.861831665039062,5.065420150756836
-0.19705408811569214,0.2298964411020279,176.7083282470703,9.91693115234375,103.09375,11.525360107421875,121.625,12.94268798828125,5.074803352355957,126.8499984741211,11.861831665039062,5.065420150756836
-0.19236232340335846,0.19705408811569214,142.1666717529297,10.588127136230469,110.46875,12.839805603027344,107.3499984741211,13.078147888183594,5.126412868499756,127.5,12.099998474121094,5.126412868499756
-0.22051291167736053,0.20174585282802582,162.4166717529297,4.211769104003906,122.91666412353516,13.433822631835938,135.3000030517578,12.654167175292969,5.079495429992676,127.70833587646484,11.656532287597656,5.102953910827637
-0.14075292646884918,0.1595199704170227,151.5357208251953,9.909553527832031,144.5416717529297,13.243675231933594,102.33333587646484,13.123146057128906,5.088878631591797,148.75,11.656135559082031,5.0701117515563965
-0.14075292646884918,0.07506822049617767,150.42857360839844,9.544921875,128.5,12.740135192871094,144.4499969482422,12.542930603027344,5.041961193084717,122.58333587646484,11.801750183105469,5.060728073120117
-0.19236232340335846,0.19236232340335846,174.75,9.655448913574219,112.75,13.021942138671875,138.14999389648438,12.813179016113281,5.084187030792236,93.04166412353516,11.934928894042969,5.074803352355957
-0.13136939704418182,0.12198586016893387,140.9583282470703,9.947349548339844,149.9583282470703,13.136871337890625,150.5500030517578,12.66058349609375,5.060728073120117,142.3000030517578,11.508842468261719,5.046652793884277
-0.24397172033786774,0.15482820570468903,141.07142639160156,9.967880249023438,123.125,13.218940734863281,133.2916717529297,12.6378173828125,5.074803352355957,116.375,11.879714965820312,5.084187030792236
-0.24397172033786774,0.15482820570468903,141.07142639160156,9.967880249023438,123.79166412353516,13.1878662109375,196.4375,12.754608154296875,5.098262310028076,108.45833587646484,12.345779418945312,5.074803352355957
-0.24397172033786774,0.15482820570468903,141.07142639160156,9.967880249023438,141.4583282470703,12.896736145019531,117.54166412353516,13.014122009277344,5.037269592285156,148.0500030517578,12.322196960449219,5.098262310028076
-0.24397172033786774,0.15482820570468903,141.07142639160156,9.967880249023438,118.78571319580078,12.824516296386719,129.5416717529297,12.512168884277344,5.037269592285156,148.0500030517578,12.322196960449219,5.098262310028076
-0.272122323513031,0.15482820570468903,142.85714721679688,10.126182556152344,129.0833282470703,13.072975158691406,126.875,12.468391418457031,5.1076459884643555,94.45833587646484,12.197418212890625,5.098262310028076
-0.2533552646636963,0.29088935256004333,136.39285278320312,10.171882629394531,126.17857360839844,12.8701171875,107.08333587646484,12.618179321289062,5.074803352355957,133.3000030517578,11.802757263183594,5.065420150756836
-0.17359526455402374,0.23458820581436157,177.9166717529297,10.080917358398438,127.17857360839844,13.166915893554688,150.25,12.916458129882812,5.056036472320557,135.89999389648438,11.993537902832031,5.056036472320557
-0.19705408811569214,0.1829787939786911,157.67857360839844,9.576881408691406,130.7916717529297,13.312286376953125,143.6999969482422,12.617874145507812,5.037269592285156,119.79166412353516,12.263496398925781,5.041961193084717
-0.18767055869102478,0.20174585282802582,152.2857208251953,9.708839416503906,111.96428680419922,12.955856323242188,150.6999969482422,12.733146667480469,5.088878631591797,117.70833587646484,12.205772399902344,5.074803352355957
-0.20174585282802582,0.18767055869102478,127.03571319580078,10.056564331054688,108.15625,13.018508911132812,144.6999969482422,12.897773742675781,5.079495429992676,117.70833587646484,12.205772399902344,5.074803352355957
-0.20174585282802582,0.2768140733242035,169.75,9.849151611328125,136.0416717529297,13.364082336425781,129.1666717529297,12.750999450683594,5.093570709228516,147.4499969482422,11.947044372558594,5.079495429992676
-0.2064376175403595,0.2768140733242035,169.75,9.849151611328125,131.07142639160156,13.236503601074219,131.14999389648438,12.725379943847656,5.074803352355957,123.79166412353516,11.746871948242188,5.0701117515563965
-0.16421173512935638,0.15482820570468903,131.5,10.380813598632812,125.71428680419922,13.219078063964844,131.14999389648438,12.725379943847656,5.074803352355957,94.04166412353516,12.365318298339844,5.065420150756836
-0.16421173512935638,0.09383527934551239,156.35714721679688,9.838836669921875,125.71428680419922,13.219078063964844,131.14999389648438,12.725379943847656,5.074803352355957,145.60000610351562,11.789070129394531,5.065420150756836
-0.09852704405784607,0.15013644099235535,134.7142791748047,10.219596862792969,132.6666717529297,13.119087219238281,105.04166412353516,12.811080932617188,5.131104469299316,101.6500015258789,12.217903137207031,5.117029190063477
-0.07037646323442459,0.1126023381948471,149.0833282470703,10.182746887207031,129.42857360839844,10.001518249511719,102.67857360839844,13.015724182128906,5.065420150756836,125.5,12.180763244628906,5.051344871520996
-0.07037646323442459,0.23927995562553406,148.39285278320312,10.164947509765625,124.0,13.243759155273438,118.20833587646484,12.958671569824219,5.0701117515563965,125.5,12.180763244628906,5.051344871520996
-0.2298964411020279,0.19236232340335846,162.75,10.338935852050781,106.625,12.976844787597656,126.0999984741211,13.063949584960938,5.1076459884643555,150.89999389648438,12.376304626464844,5.051344871520996
-0.19236232340335846,0.12667763233184814,168.5,10.283866882324219,130.75,13.063674926757812,126.0999984741211,13.063949584960938,5.1076459884643555,105.875,11.991661071777344,5.084187030792236
-0.1595199704170227,0.12198586016893387,116.4375,10.612083435058594,146.2916717529297,12.864356994628906,126.0999984741211,13.063949584960938,5.1076459884643555,129.25,11.914947509765625,5.056036472320557
-0.18767055869102478,0.1595199704170227,170.2916717529297,10.57708740234375,120.67857360839844,12.566978454589844,129.14999389648438,12.971084594726562,5.060728073120117,142.89999389648438,11.823371887207031,5.060728073120117
-0.16890349984169006,0.1595199704170227,126.17857360839844,10.506752014160156,118.14286041259766,13.108901977539062,119.33333587646484,12.98309326171875,5.079495429992676,100.5,12.100738525390625,5.098262310028076
-0.10321880877017975,0.1829787939786911,123.03125,10.362464904785156,86.875,12.6690673828125,143.6999969482422,12.833831787109375,5.102953910827637,118.44999694824219,12.297531127929688,5.074803352355957
-0.10321880877017975,0.05630116909742355,170.0416717529297,10.317779541015625,125.46428680419922,13.255462646484375,151.60000610351562,12.771591186523438,5.051344871520996,111.25,11.938713073730469,5.065420150756836
-0.10321880877017975,0.12667763233184814,148.07142639160156,10.162734985351562,125.46428680419922,13.255462646484375,137.75,13.067604064941406,5.051344871520996,132.5,12.121353149414062,5.056036472320557
-0.15013644099235535,0.13136939704418182,169.0833282470703,10.482109069824219,136.5833282470703,12.726600646972656,124.16666412353516,12.965621948242188,5.046652793884277,135.35000610351562,11.904129028320312,5.056036472320557
-0.14544467628002167,0.15013644099235535,150.5357208251953,10.10821533203125,130.14285278320312,13.059486389160156,99.95833587646484,13.15997314453125,5.088878631591797,141.89999389648438,12.043502807617188,5.074803352355957
-0.14544467628002167,0.1595199704170227,173.4166717529297,10.578300476074219,130.14285278320312,13.059486389160156,146.0,13.00531005859375,5.056036472320557,140.0500030517578,11.927398681640625,5.093570709228516
-0.1595199704170227,0.14544467628002167,149.25,10.303001403808594,145.0833282470703,13.187774658203125,146.0,13.00531005859375,5.056036472320557,140.0500030517578,11.927398681640625,5.093570709228516
-0.17359526455402374,0.2064376175403595,132.03125,10.369552612304688,126.45833587646484,13.305259704589844,143.64999389648438,12.583511352539062,5.084187030792236,146.10000610351562,12.227760314941406,5.074803352355957
-0.2298964411020279,0.17828702926635742,143.67857360839844,10.058708190917969,152.5416717529297,13.168678283691406,143.64999389648438,12.583511352539062,5.084187030792236,115.33333587646484,11.964179992675781,5.079495429992676
-0.1360611617565155,0.14544467628002167,131.64285278320312,10.893959045410156,123.89286041259766,12.933769226074219,138.89999389648438,12.522071838378906,5.023194313049316,139.35000610351562,11.995254516601562,5.041961193084717
-0.16421173512935638,0.23458820581436157,145.92857360839844,10.515098571777344,121.78571319580078,13.172950744628906,119.91666412353516,12.469932556152344,5.056036472320557,145.35000610351562,11.808403015136719,5.056036472320557
-0.23927995562553406,0.23458820581436157,145.92857360839844,10.515098571777344,100.75,12.62725830078125,152.4499969482422,12.69879150390625,5.056036472320557,116.875,11.478813171386719,5.088878631591797
-0.23927995562553406,0.14075292646884918,142.1666717529297,10.706611633300781,100.75,12.62725830078125,151.0,12.356697082519531,5.084187030792236,116.875,11.478813171386719,5.088878631591797
-0.09383527934551239,0.14075292646884918,152.0357208251953,9.744384765625,133.2857208251953,13.1231689453125,83.39286041259766,12.7266845703125,5.084187030792236,132.5,11.998298645019531,5.098262310028076
-0.15013644099235535,0.14075292646884918,152.0357208251953,9.744384765625,163.64999389648438,12.77520751953125,96.125,12.670433044433594,5.121721267700195,138.25,12.079818725585938,5.121721267700195
-0.15013644099235535,0.14075292646884918,152.0357208251953,9.744384765625,140.3333282470703,13.122291564941406,90.08333587646484,12.832290649414062,5.088878631591797,123.25,11.552505493164062,5.112337589263916
-0.15013644099235535,0.14075292646884918,120.875,10.182701110839844,140.6666717529297,13.147964477539062,90.08333587646484,12.832290649414062,5.088878631591797,113.30000305175781,12.15960693359375,5.1076459884643555
-0.16890349984169006,0.08445174992084503,161.2916717529297,10.323516845703125,121.875,12.775611877441406,129.5833282470703,12.610450744628906,5.0701117515563965,144.6999969482422,11.973213195800781,5.079495429992676
-0.16890349984169006,0.2252046763896942,155.2857208251953,10.189979553222656,134.2916717529297,13.207077026367188,125.5,12.677909851074219,5.079495429992676,144.6999969482422,11.973213195800781,5.079495429992676
-0.21112938225269318,0.08914351463317871,141.92857360839844,10.181282043457031,96.0,12.774932861328125,137.25,12.689002990722656,5.079495429992676,144.6999969482422,11.973213195800781,5.079495429992676
-0.21112938225269318,0.08914351463317871,141.92857360839844,10.181282043457031,123.0,13.459144592285156,100.25,12.904495239257812,5.056036472320557,111.375,12.376976013183594,5.079495429992676
-0.2252046763896942,0.08914351463317871,155.0357208251953,10.082878112792969,129.0357208251953,13.090896606445312,124.45833587646484,12.807685852050781,5.041961193084717,130.14999389648438,11.90081787109375,5.0701117515563965
-0.2252046763896942,0.13136939704418182,129.5357208251953,10.036750793457031,129.0357208251953,13.090896606445312,149.1999969482422,12.732650756835938,5.0701117515563965,141.5,12.190185546875,5.027885913848877
-0.14075292646884918,0.14075292646884918,150.64285278320312,9.649742126464844,105.71875,12.616630554199219,99.41666412353516,13.238555908203125,5.088878631591797,141.5,12.190185546875,5.027885913848877
-0.14544467628002167,0.15482820570468903,168.25,10.052337646484375,128.0833282470703,13.078933715820312,162.5,12.611358642578125,5.060728073120117,139.64999389648438,11.877731323242188,5.046652793884277
-0.14544467628002167,0.21112938225269318,120.0,10.21484375,121.32142639160156,13.115776062011719,114.54166412353516,12.765373229980469,5.065420150756836,112.19999694824219,12.22271728515625,5.102953910827637
-0.21112938225269318,0.17359526455402374,133.59375,9.828643798828125,130.0,12.897064208984375,126.33333587646484,12.802101135253906,5.074803352355957,112.19999694824219,12.22271728515625,5.102953910827637
-0.13136939704418182,0.14075292646884918,138.5,10.108551025390625,129.8333282470703,12.700164794921875,157.0500030517578,12.52630615234375,5.1076459884643555,125.79166412353516,11.814804077148438,5.112337589263916
-0.13136939704418182,0.14075292646884918,135.07142639160156,9.80218505859375,129.8333282470703,12.700164794921875,157.0500030517578,12.52630615234375,5.1076459884643555,121.04166412353516,11.888328552246094,5.112337589263916
-0.13136939704418182,0.14075292646884918,157.5357208251953,9.71087646484375,106.28125,13.071456909179688,119.44999694824219,12.798309326171875,5.093570709228516,140.1999969482422,12.129173278808594,5.098262310028076
-0.23927995562553406,0.19236232340335846,157.5357208251953,9.71087646484375,136.2083282470703,13.010429382324219,110.29166412353516,12.944084167480469,5.074803352355957,117.0999984741211,12.095939636230469,5.0701117515563965
-0.18767055869102478,0.26273879408836365,181.875,9.472587585449219,118.5,13.312347412109375,120.33333587646484,12.68292236328125,5.074803352355957,115.45833587646484,12.085372924804688,5.0701117515563965
-0.19236232340335846,0.16890349984169006,136.03125,9.359184265136719,121.25,13.470130920410156,130.0833282470703,12.602409362792969,5.084187030792236,119.1500015258789,12.026634216308594,5.1076459884643555
-0.15482820570468903,0.16890349984169006,145.25,10.060592651367188,109.1875,12.988632202148438,158.75,12.63873291015625,5.065420150756836,147.64999389648438,12.072929382324219,5.093570709228516
-0.17828702926635742,0.18767055869102478,121.3125,9.909004211425781,147.7916717529297,13.018768310546875,158.75,12.63873291015625,5.065420150756836,123.55000305175781,12.203865051269531,5.065420150756836
-0.10791057348251343,0.10791057348251343,140.32142639160156,9.9578857421875,134.75,13.23626708984375,117.16666412353516,12.64776611328125,5.0325775146484375,108.25,12.329803466796875,5.023194313049316
-0.19236232340335846,0.1595199704170227,165.1666717529297,9.707962036132812,143.625,13.011634826660156,118.04166412353516,12.749565124511719,5.051344871520996,115.125,11.791305541992188,5.060728073120117
-0.12198586016893387,0.1595199704170227,165.1666717529297,9.707962036132812,127.28571319580078,12.948463439941406,132.10000610351562,12.612190246582031,5.084187030792236,132.64999389648438,11.957695007324219,5.046652793884277
-0.12198586016893387,0.046917639672756195,138.57142639160156,10.141563415527344,127.28571319580078,12.948463439941406,150.0500030517578,12.811576843261719,5.051344871520996,120.20833587646484,12.165046691894531,5.093570709228516
-0.14075292646884918,0.16890349984169006,132.0,9.617706298828125,80.05000305175781,11.403297424316406,135.4499969482422,12.419212341308594,5.065420150756836,129.35000610351562,11.954574584960938,5.041961193084717
-0.14075292646884918,0.15013644099235535,136.4642791748047,10.007705688476562,126.5,11.183738708496094,144.1999969482422,12.681175231933594,5.065420150756836,146.3000030517578,11.795181274414062,5.079495429992676
-0.10321880877017975,0.06568469852209091,138.4642791748047,9.935264587402344,148.2083282470703,13.23663330078125,155.25,12.704292297363281,5.088878631591797,119.33333587646484,12.202400207519531,5.088878631591797
-0.14075292646884918,0.2298964411020279,158.82142639160156,9.499855041503906,177.60000610351562,13.041152954101562,138.5,12.830429077148438,5.065420150756836,142.0,11.695304870605469,5.079495429992676
-0.21582114696502686,0.22051291167736053,160.625,10.055023193359375,98.15625,12.997627258300781,143.5500030517578,12.947036743164062,5.051344871520996,115.4000015258789,11.967086791992188,5.074803352355957
-0.18767055869102478,0.19236232340335846,152.14285278320312,9.950813293457031,118.79166412353516,12.787254333496094,159.4499969482422,12.4908447265625,5.088878631591797,102.83333587646484,11.843185424804688,5.046652793884277
-0.16421173512935638,0.15013644099235535,159.89285278320312,9.451194763183594,118.79166412353516,12.787254333496094,123.66666412353516,12.653724670410156,5.0325775146484375,119.25,12.14581298828125,5.046652793884277
-0.16421173512935638,0.23458820581436157,176.2916717529297,9.391769409179688,160.8000030517578,13.217689514160156,156.85000610351562,12.466461181640625,5.126412868499756,145.5500030517578,12.1239013671875,5.121721267700195
-0.16421173512935638,0.23458820581436157,172.6666717529297,9.974983215332031,160.8000030517578,13.217689514160156,154.64999389648438,12.41229248046875,5.088878631591797,145.5500030517578,12.1239013671875,5.121721267700195
-0.17359526455402374,0.16421173512935638,153.07142639160156,9.411155700683594,126.75,12.920608520507812,122.79166412353516,12.615242004394531,5.079495429992676,119.83333587646484,11.807365417480469,5.084187030792236
-0.12667763233184814,0.11729410290718079,152.32142639160156,9.569725036621094,152.1666717529297,12.867347717285156,129.2916717529297,12.707000732421875,5.093570709228516,119.9000015258789,12.303092956542969,5.065420150756836
-0.12667763233184814,0.1126023381948471,157.64285278320312,9.831169128417969,152.1666717529297,12.867347717285156,149.39999389648438,12.450370788574219,5.093570709228516,147.75,11.6387939453125,5.102953910827637
-0.13136939704418182,0.1595199704170227,146.2857208251953,9.553672790527344,127.16666412353516,13.129981994628906,99.875,12.7275390625,5.098262310028076,90.82142639160156,11.714675903320312,5.079495429992676
-0.1360611617565155,0.2064376175403595,166.2916717529297,10.172157287597656,131.4583282470703,13.125999450683594,129.4166717529297,12.579383850097656,5.098262310028076,127.875,12.015235900878906,5.126412868499756
-0.17828702926635742,0.12198586016893387,132.17857360839844,9.930740356445312,125.57142639160156,12.792015075683594,124.75,12.743858337402344,5.051344871520996,141.1999969482422,11.934776306152344,5.060728073120117
-0.18767055869102478,0.2298964411020279,132.5,10.268455505371094,98.71875,13.031829833984375,124.75,12.743858337402344,5.051344871520996,139.60000610351562,12.207473754882812,5.046652793884277
-0.18767055869102478,0.2298964411020279,132.5,10.268455505371094,138.75,12.6905517578125,149.0,12.720863342285156,5.093570709228516,136.85000610351562,11.740394592285156,5.1076459884643555
-0.18767055869102478,0.2298964411020279,132.5,10.268455505371094,109.32142639160156,13.040351867675781,138.60000610351562,12.8848876953125,5.060728073120117,136.85000610351562,11.740394592285156,5.1076459884643555
-0.16421173512935638,0.1595199704170227,118.53571319580078,10.338226318359375,129.25,13.138931274414062,136.9583282470703,-0.1835174560546875,5.056036472320557,142.14999389648438,8.596275329589844,5.023194313049316
-0.2580470144748688,0.1595199704170227,118.53571319580078,10.338226318359375,120.85713958740234,12.824691772460938,124.66666412353516,12.695480346679688,5.018502235412598,146.10000610351562,12.000556945800781,5.0701117515563965
-0.17828702926635742,0.2580470144748688,139.96875,9.745155334472656,133.4583282470703,12.830650329589844,116.16666412353516,12.650650024414062,5.060728073120117,135.1999969482422,11.837303161621094,5.056036472320557
-0.15482820570468903,0.16421173512935638,129.89285278320312,10.475128173828125,113.71428680419922,13.155921936035156,144.5,12.735488891601562,5.074803352355957,121.29166412353516,12.088699340820312,5.0701117515563965
-0.15482820570468903,0.15013644099235535,141.7142791748047,10.18157958984375,113.71428680419922,13.155921936035156,106.95833587646484,13.074295043945312,5.046652793884277,121.29166412353516,12.088699340820312,5.0701117515563965
-0.12667763233184814,0.16421173512935638,143.9642791748047,10.088394165039062,125.70833587646484,12.549568176269531,149.4499969482422,12.764808654785156,5.088878631591797,127.4000015258789,11.649482727050781,5.060728073120117
-0.16890349984169006,0.1126023381948471,172.75,9.878028869628906,126.17857360839844,12.746452331542969,149.4499969482422,12.764808654785156,5.088878631591797,114.25,11.909820556640625,5.027885913848877
-0.10791057348251343,0.1126023381948471,172.75,9.878028869628906,148.9166717529297,12.986724853515625,122.5999984741211,12.906333923339844,5.121721267700195,102.75,12.283607482910156,5.027885913848877
-0.10791057348251343,0.1126023381948471,172.75,9.878028869628906,129.0357208251953,12.942848205566406,114.875,12.604598999023438,5.102953910827637,155.4499969482422,11.8380126953125,5.149871826171875
-0.08914351463317871,0.08914351463317871,144.60714721679688,9.846328735351562,138.1666717529297,12.744712829589844,142.5500030517578,12.761940002441406,5.084187030792236,140.85000610351562,12.037528991699219,5.0325775146484375
-0.08914351463317871,0.12198586016893387,131.17857360839844,10.020538330078125,138.1666717529297,12.744712829589844,134.5,13.096916198730469,5.051344871520996,140.64999389648438,12.184783935546875,5.046652793884277
-0.032842349261045456,0.12198586016893387,132.57142639160156,10.07537841796875,127.57142639160156,13.28924560546875,134.5,13.096916198730469,5.051344871520996,140.64999389648438,12.184783935546875,5.046652793884277
-0.19236232340335846,0.10791057348251343,120.11111450195312,9.367103576660156,133.3333282470703,13.25970458984375,113.25,13.214645385742188,5.046652793884277,144.0500030517578,12.130081176757812,5.079495429992676
-0.23458820581436157,0.19236232340335846,154.32142639160156,9.889945983886719,123.6875,12.107589721679688,135.35000610351562,13.010826110839844,5.027885913848877,143.85000610351562,12.025131225585938,5.018502235412598
-0.23927995562553406,0.2064376175403595,164.9166717529297,10.116683959960938,149.1999969482422,13.18804931640625,152.6999969482422,12.76568603515625,5.074803352355957,143.85000610351562,12.025131225585938,5.018502235412598
-0.1595199704170227,0.19705408811569214,126.0625,10.148681640625,108.0625,13.517364501953125,125.66666412353516,12.867294311523438,5.074803352355957,93.58333587646484,12.628257751464844,5.079495429992676
-0.2298964411020279,0.30496466159820557,152.32142639160156,10.03857421875,94.34375,13.203315734863281,129.25,12.75750732421875,5.088878631591797,145.0500030517578,11.935798645019531,5.093570709228516
-0.2768140733242035,0.17359526455402374,135.57142639160156,9.989959716796875,111.34375,13.357276916503906,129.25,12.75750732421875,5.088878631591797,121.08333587646484,8.668670654296875,5.037269592285156
-0.2064376175403595,0.17359526455402374,135.57142639160156,9.989959716796875,133.2083282470703,13.114990234375,117.0999984741211,13.278022766113281,5.051344871520996,122.45833587646484,11.888748168945312,5.079495429992676
-0.12667763233184814,0.2298964411020279,176.8333282470703,10.209510803222656,117.07142639160156,12.933700561523438,133.7916717529297,12.456001281738281,5.065420150756836,110.375,11.882278442382812,5.056036472320557
-0.14544467628002167,0.14544467628002167,145.25,10.601470947265625,149.3333282470703,13.379173278808594,109.46428680419922,12.538139343261719,5.056036472320557,110.375,11.882278442382812,5.056036472320557
-0.19236232340335846,0.20174585282802582,144.25,10.254501342773438,140.1666717529297,13.149368286132812,96.375,12.866744995117188,5.098262310028076,111.41666412353516,11.756393432617188,5.0701117515563965
-0.16421173512935638,0.14075292646884918,158.9166717529297,10.209754943847656,137.0833282470703,12.990142822265625,113.375,12.782943725585938,5.084187030792236,124.29166412353516,11.90167236328125,5.060728073120117
-0.14544467628002167,0.14075292646884918,158.9166717529297,10.209754943847656,130.67857360839844,13.239700317382812,107.04166412353516,12.888786315917969,5.051344871520996,146.39999389648438,11.970741271972656,5.041961193084717
-0.2252046763896942,0.21582114696502686,177.3333282470703,10.217582702636719,130.9583282470703,13.192054748535156,110.16666412353516,12.900466918945312,5.1076459884643555,123.125,11.989013671875,5.041961193084717
-0.11729410290718079,0.13136939704418182,162.9583282470703,10.32135009765625,141.3333282470703,13.039543151855469,110.16666412353516,12.900466918945312,5.1076459884643555,118.0,12.167030334472656,5.046652793884277
-0.11729410290718079,0.14075292646884918,157.8333282470703,10.771888732910156,141.3333282470703,13.039543151855469,143.0,12.578392028808594,5.046652793884277,118.0,12.167030334472656,5.046652793884277
-0.1595199704170227,0.14075292646884918,163.875,10.323104858398438,116.32142639160156,13.196983337402344,143.0,12.578392028808594,5.046652793884277,111.0,11.638923645019531,5.046652793884277
-0.16890349984169006,0.13136939704418182,138.5,10.078636169433594,107.32142639160156,13.206382751464844,118.25,12.787918090820312,5.1545634269714355,143.5500030517578,11.676437377929688,5.149871826171875
-0.12198586016893387,0.13136939704418182,166.375,10.576065063476562,140.9166717529297,12.927009582519531,172.9375,12.803047180175781,5.1545634269714355,104.91666412353516,12.237449645996094,5.037269592285156
-0.19236232340335846,0.13136939704418182,166.375,10.576065063476562,124.92857360839844,13.097442626953125,142.89999389648438,12.856407165527344,5.0325775146484375,104.91666412353516,12.237449645996094,5.037269592285156
-0.11729410290718079,0.20174585282802582,151.07142639160156,10.349227905273438,105.875,13.168052673339844,119.95833587646484,12.926620483398438,5.0325775146484375,104.91666412353516,12.237449645996094,5.037269592285156
-0.10791057348251343,0.12198586016893387,161.2083282470703,10.383941650390625,133.4583282470703,12.681434631347656,141.75,12.74658203125,5.046652793884277,108.9000015258789,12.333572387695312,5.0701117515563965
-0.13136939704418182,0.09852704405784607,123.82142639160156,10.444374084472656,125.28571319580078,12.706832885742188,150.60000610351562,12.767753601074219,5.079495429992676,149.1999969482422,12.2001953125,5.074803352355957
-0.15013644099235535,0.17359526455402374,145.85714721679688,9.737457275390625,141.7916717529297,12.969802856445312,150.60000610351562,12.767753601074219,5.079495429992676,149.1999969482422,12.2001953125,5.074803352355957
-0.09852704405784607,0.13136939704418182,157.75,10.376045227050781,94.96875,12.826629638671875,150.39999389648438,12.884010314941406,5.074803352355957,118.75,11.873878479003906,5.060728073120117
-0.1360611617565155,0.10321880877017975,147.57142639160156,9.831398010253906,110.46428680419922,13.040855407714844,148.0,12.683235168457031,5.074803352355957,118.75,11.873878479003906,5.060728073120117
-0.1360611617565155,0.20174585282802582,167.5,10.416633605957031,102.0,9.131698608398438,148.0,12.683235168457031,5.074803352355957,120.16666412353516,12.301353454589844,5.074803352355957
-0.03753411024808884,0.1829787939786911,97.47222137451172,10.712326049804688,103.3499984741211,11.522216796875,112.54166412353516,12.842697143554688,5.079495429992676,127.5,12.088813781738281,5.102953910827637
-0.03753411024808884,0.19236232340335846,134.40625,9.99786376953125,107.75,13.118690490722656,118.58333587646484,12.861709594726562,5.084187030792236,131.75,11.774208068847656,5.079495429992676
-0.03753411024808884,0.19236232340335846,134.40625,9.99786376953125,107.75,13.118690490722656,124.375,12.568229675292969,5.060728073120117,122.75,12.288093566894531,5.065420150756836
-0.03753411024808884,0.2252046763896942,135.82142639160156,10.0478515625,146.7083282470703,12.911506652832031,124.375,12.568229675292969,5.060728073120117,107.5,12.072372436523438,5.046652793884277
-0.03753411024808884,0.2252046763896942,135.82142639160156,10.0478515625,146.7083282470703,12.911506652832031,146.10000610351562,12.688095092773438,5.117029190063477,122.5,12.007270812988281,5.088878631591797
-0.14075292646884918,0.12198586016893387,147.85714721679688,10.144004821777344,139.25,13.243843078613281,133.0500030517578,13.024009704589844,5.074803352355957,126.30000305175781,11.989509582519531,5.046652793884277
-0.15013644099235535,0.1595199704170227,145.64285278320312,10.333000183105469,143.0416717529297,12.984970092773438,158.14999389648438,12.741264343261719,5.046652793884277,126.30000305175781,11.989509582519531,5.046652793884277
-0.1360611617565155,0.1595199704170227,145.64285278320312,10.333000183105469,115.67857360839844,12.709770202636719,146.0500030517578,12.7159423828125,5.088878631591797,144.8000030517578,12.181632995605469,5.0701117515563965
-0.28619760274887085,0.24866348505020142,161.75,10.542266845703125,175.25,13.357574462890625,146.0500030517578,12.7159423828125,5.088878631591797,144.8000030517578,12.181632995605469,5.0701117515563965
-0.2252046763896942,0.28150585293769836,175.5833282470703,9.86163330078125,112.78125,12.998207092285156,107.375,13.065986633300781,5.098262310028076,138.10000610351562,11.817855834960938,5.060728073120117
-0.21582114696502686,0.21582114696502686,147.9166717529297,10.607810974121094,146.0,13.089218139648438,128.25,12.629356384277344,5.093570709228516,120.04166412353516,11.965766906738281,5.084187030792236
-0.21582114696502686,0.19705408811569214,213.64999389648438,10.101829528808594,146.0,13.089218139648438,141.89999389648438,12.623397827148438,5.093570709228516,120.04166412353516,11.965766906738281,5.084187030792236
-0.2298964411020279,0.23458820581436157,140.14285278320312,10.184471130371094,120.71428680419922,13.028244018554688,149.0500030517578,12.480445861816406,5.093570709228516,141.0500030517578,12.232025146484375,5.065420150756836
-0.21582114696502686,0.23458820581436157,132.75,10.18988037109375,123.96428680419922,13.111740112304688,97.66666412353516,13.014289855957031,5.0701117515563965,141.0500030517578,12.232025146484375,5.065420150756836
-0.21582114696502686,0.23458820581436157,125.90625,10.113945007324219,123.96428680419922,13.111740112304688,106.45833587646484,12.8746337890625,5.0701117515563965,124.4000015258789,12.401931762695312,5.0325775146484375
-0.1126023381948471,0.23458820581436157,167.125,9.932182312011719,129.89285278320312,13.063461303710938,106.66666412353516,11.945945739746094,5.037269592285156,146.9499969482422,9.500419616699219,5.056036472320557
-0.13136939704418182,0.10791057348251343,154.82142639160156,10.070716857910156,141.375,12.655502319335938,119.33333587646484,12.839424133300781,5.056036472320557,122.30000305175781,12.142448425292969,5.056036472320557
-0.014075292274355888,0.10321880877017975,109.875,10.418632507324219,146.2916717529297,13.115409851074219,120.8499984741211,13.086135864257812,5.0701117515563965,148.5,12.188575744628906,5.046652793884277
-0.014075292274355888,0.10321880877017975,109.875,10.418632507324219,173.10000610351562,13.075569152832031,153.14999389648438,12.577903747558594,5.074803352355957,106.29166412353516,12.247734069824219,5.074803352355957
-0.2298964411020279,0.24866348505020142,156.35714721679688,9.97442626953125,120.0,13.034538269042969,153.14999389648438,12.577903747558594,5.074803352355957,106.29166412353516,12.247734069824219,5.074803352355957
-0.16421173512935638,0.2064376175403595,141.82142639160156,10.2760009765625,108.57142639160156,13.287017822265625,135.60000610351562,12.965065002441406,5.056036472320557,124.9000015258789,12.2659912109375,5.046652793884277
-0.16421173512935638,0.14544467628002167,134.2142791748047,10.458419799804688,108.57142639160156,13.287017822265625,135.60000610351562,12.965065002441406,5.056036472320557,124.9000015258789,12.2659912109375,5.046652793884277
-0.16421173512935638,0.14544467628002167,149.39285278320312,9.424812316894531,108.57142639160156,13.287017822265625,146.25,12.656684875488281,5.056036472320557,107.54166412353516,12.186073303222656,5.065420150756836
-0.23927995562553406,0.1595199704170227,130.71875,9.620086669921875,130.0416717529297,13.193328857421875,104.16666412353516,13.0107421875,5.037269592285156,107.70833587646484,12.096176147460938,5.046652793884277
-0.1360611617565155,0.1829787939786911,144.9642791748047,9.832740783691406,146.125,12.953643798828125,104.16666412353516,13.0107421875,5.037269592285156,136.89999389648438,12.3341064453125,5.023194313049316
-0.19705408811569214,0.1829787939786911,144.9642791748047,9.832740783691406,123.0,13.224082946777344,138.4499969482422,12.734451293945312,5.027885913848877,136.89999389648438,12.3341064453125,5.023194313049316
-0.19705408811569214,0.15013644099235535,152.35714721679688,10.102851867675781,120.75,13.388298034667969,138.4499969482422,12.734451293945312,5.027885913848877,130.25,11.998687744140625,5.046652793884277
-0.1360611617565155,0.09852704405784607,135.5625,9.974021911621094,123.46428680419922,13.221786499023438,131.25,12.734283447265625,5.126412868499756,124.16666412353516,11.745643615722656,5.145179748535156
-0.1595199704170227,0.23458820581436157,140.10714721679688,10.022430419921875,108.53571319580078,13.151016235351562,127.875,12.537025451660156,5.088878631591797,136.4499969482422,12.154312133789062,5.093570709228516
-0.1595199704170227,0.13136939704418182,146.32142639160156,10.189537048339844,150.75,13.023994445800781,127.875,12.537025451660156,5.088878631591797,154.85000610351562,12.1611328125,5.093570709228516
-0.10791057348251343,0.12198586016893387,152.17857360839844,9.994544982910156,138.9583282470703,12.728889465332031,142.75,12.635490417480469,5.088878631591797,102.20833587646484,12.173912048339844,5.079495429992676
-0.15013644099235535,0.18767055869102478,175.75,9.306961059570312,138.5416717529297,13.346725463867188,142.75,12.635490417480469,5.088878631591797,102.20833587646484,12.173912048339844,5.079495429992676
-0.20174585282802582,0.20174585282802582,125.65625,10.05792236328125,170.0,13.18023681640625,145.3000030517578,12.99957275390625,5.065420150756836,146.1999969482422,12.073455810546875,5.098262310028076
-0.16421173512935638,0.14075292646884918,134.2857208251953,9.916519165039062,121.64286041259766,13.545806884765625,142.0500030517578,12.164710998535156,5.046652793884277,95.75,12.363731384277344,5.074803352355957
-0.17359526455402374,0.14075292646884918,85.5999984741211,7.57891845703125,145.8333282470703,13.318870544433594,107.75,13.057098388671875,5.121721267700195,109.41666412353516,12.202560424804688,5.098262310028076
-0.1595199704170227,0.14075292646884918,149.92857360839844,9.377792358398438,125.21428680419922,13.202110290527344,144.35000610351562,12.936943054199219,5.041961193084717,138.10000610351562,11.985305786132812,5.051344871520996
-0.19236232340335846,0.20174585282802582,170.375,9.934547424316406,168.4499969482422,9.925956726074219,137.4499969482422,12.78265380859375,5.027885913848877,146.39999389648438,12.020988464355469,5.065420150756836
-0.19236232340335846,0.14075292646884918,120.25,10.218482971191406,168.4499969482422,9.925956726074219,134.3000030517578,12.664970397949219,5.088878631591797,146.39999389648438,12.020988464355469,5.065420150756836
-0.12198586016893387,0.12667763233184814,148.35714721679688,9.9542236328125,108.78125,12.986160278320312,132.25,12.882652282714844,5.079495429992676,126.80000305175781,12.523284912109375,5.056036472320557
-0.16421173512935638,0.12667763233184814,129.125,9.63995361328125,100.71428680419922,13.313858032226562,137.14999389648438,12.848594665527344,5.009118556976318,117.16666412353516,12.261482238769531,5.0325775146484375
-0.16421173512935638,0.14544467628002167,136.64285278320312,9.793937683105469,100.71428680419922,13.313858032226562,137.14999389648438,12.848594665527344,5.009118556976318,125.4000015258789,12.489479064941406,5.013810634613037
-0.16421173512935638,0.14544467628002167,168.875,10.293479919433594,135.7083282470703,12.946327209472656,128.9583282470703,12.709976196289062,5.056036472320557,125.4000015258789,12.489479064941406,5.013810634613037
-0.16421173512935638,0.14544467628002167,168.875,10.293479919433594,135.7083282470703,12.946327209472656,104.30000305175781,13.225753784179688,5.093570709228516,125.29166412353516,12.067634582519531,5.093570709228516
-0.16421173512935638,0.22051291167736053,169.2083282470703,10.348953247070312,129.625,13.359825134277344,142.64999389648438,13.179901123046875,5.084187030792236,136.5500030517578,12.328849792480469,5.051344871520996
-0.17828702926635742,0.07975998520851135,138.2857208251953,10.121101379394531,131.625,12.714118957519531,142.64999389648438,13.179901123046875,5.084187030792236,143.60000610351562,11.827400207519531,5.093570709228516
-0.17828702926635742,0.17828702926635742,148.92857360839844,9.807296752929688,106.3125,12.695213317871094,142.3000030517578,12.702880859375,5.079495429992676,112.0,12.633125305175781,5.037269592285156
-0.20174585282802582,0.19236232340335846,135.5357208251953,10.272941589355469,132.42857360839844,11.868553161621094,115.16666412353516,12.892364501953125,5.046652793884277,116.16666412353516,11.915237426757812,5.074803352355957
-0.19236232340335846,0.272122323513031,104.64286041259766,10.629310607910156,118.75,12.989280700683594,142.8000030517578,12.882843017578125,5.037269592285156,123.25,11.787635803222656,5.037269592285156
-0.23927995562553406,0.21582114696502686,143.10714721679688,10.282058715820312,148.3333282470703,13.02423095703125,143.4499969482422,12.908912658691406,5.046652793884277,126.33333587646484,11.945152282714844,5.074803352355957
-0.21112938225269318,0.19705408811569214,117.78571319580078,10.546829223632812,109.07142639160156,13.149452209472656,143.4499969482422,12.908912658691406,5.046652793884277,111.54166412353516,12.261795043945312,5.041961193084717
-0.16421173512935638,0.15482820570468903,106.33333587646484,10.248916625976562,121.53571319580078,13.296539306640625,147.64999389648438,12.649124145507812,5.046652793884277,111.54166412353516,12.261795043945312,5.041961193084717
-0.07037646323442459,0.07506822049617767,140.39285278320312,10.192459106445312,148.9166717529297,13.629623413085938,147.64999389648438,12.649124145507812,5.046652793884277,111.54166412353516,12.261795043945312,5.041961193084717
-0.1360611617565155,0.16421173512935638,132.90625,9.967781066894531,110.78571319580078,13.410446166992188,111.04166412353516,13.092613220214844,5.046652793884277,113.20833587646484,11.975204467773438,5.041961193084717
-0.1360611617565155,0.1595199704170227,136.17857360839844,10.283798217773438,110.78571319580078,13.410446166992188,111.04166412353516,13.092613220214844,5.046652793884277,113.20833587646484,11.975204467773438,5.041961193084717
-0.22051291167736053,0.19236232340335846,162.375,10.222908020019531,113.89286041259766,13.113685607910156,105.75,13.283485412597656,5.079495429992676,135.14999389648438,12.381484985351562,5.065420150756836
-0.22051291167736053,0.19705408811569214,176.7916717529297,9.682640075683594,149.75,13.607078552246094,123.16666412353516,12.659713745117188,5.088878631591797,99.05000305175781,12.468528747558594,5.065420150756836
-0.19236232340335846,0.19236232340335846,153.4166717529297,9.98699951171875,113.14286041259766,13.261482238769531,117.29166412353516,12.659660339355469,5.056036472320557,119.29166412353516,11.750900268554688,5.027885913848877
-0.20174585282802582,0.19236232340335846,153.4166717529297,9.98699951171875,126.64286041259766,13.367790222167969,140.5500030517578,13.098098754882812,5.023194313049316,184.3125,11.701744079589844,5.051344871520996
-0.17359526455402374,0.2064376175403595,143.7142791748047,9.926780700683594,140.75,13.280319213867188,154.5500030517578,12.764945983886719,5.102953910827637,126.94999694824219,12.002105712890625,5.079495429992676
-0.08445174992084503,0.10791057348251343,113.875,9.921104431152344,124.60713958740234,13.591705322265625,126.625,12.717018127441406,5.079495429992676,95.91666412353516,12.512519836425781,5.037269592285156
-0.1595199704170227,0.09383527934551239,176.75,10.083984375,119.32142639160156,13.057205200195312,124.70833587646484,12.660018920898438,5.051344871520996,147.9499969482422,11.568229675292969,5.056036472320557
-0.13136939704418182,0.17828702926635742,129.14285278320312,10.209022521972656,128.85714721679688,13.20477294921875,142.0,12.876434326171875,5.051344871520996,126.41666412353516,11.91015625,5.098262310028076
-0.18767055869102478,0.10321880877017975,127.75,10.747657775878906,130.35714721679688,13.111770629882812,131.4499969482422,12.82232666015625,5.093570709228516,146.64999389648438,12.121299743652344,5.088878631591797
-0.18767055869102478,0.10321880877017975,127.75,10.747657775878906,125.0,13.365470886230469,120.66666412353516,12.559036254882812,5.084187030792236,146.64999389648438,12.121299743652344,5.088878631591797
-0.18767055869102478,0.23458820581436157,112.07142639160156,10.551979064941406,135.9583282470703,12.74017333984375,99.6500015258789,12.944961547851562,5.1076459884643555,105.04166412353516,12.177024841308594,5.046652793884277
-0.18767055869102478,0.15482820570468903,157.2857208251953,9.8497314453125,145.3333282470703,13.158706665039062,141.9499969482422,13.012847900390625,5.060728073120117,118.66666412353516,12.080894470214844,5.027885913848877
-0.17359526455402374,0.32842347025871277,120.32142639160156,10.719444274902344,137.7083282470703,13.203048706054688,100.95833587646484,12.810874938964844,5.0701117515563965,118.66666412353516,12.080894470214844,5.027885913848877
-0.33311524987220764,0.19705408811569214,148.57142639160156,9.489845275878906,111.09375,12.908401489257812,100.95833587646484,12.810874938964844,5.0701117515563965,132.9499969482422,11.786689758300781,5.079495429992676
-0.16421173512935638,0.19705408811569214,148.57142639160156,9.489845275878906,122.17857360839844,13.01531982421875,155.5500030517578,12.547286987304688,5.074803352355957,120.08333587646484,11.95672607421875,5.056036472320557
-0.1829787939786911,0.12667763233184814,153.0357208251953,9.367652893066406,146.0,13.009071350097656,84.42857360839844,12.910774230957031,5.065420150756836,115.0999984741211,12.125,5.056036472320557
-0.16421173512935638,0.14075292646884918,145.25,10.320175170898438,137.4166717529297,10.048957824707031,115.33333587646484,12.822784423828125,5.098262310028076,114.625,12.196441650390625,5.056036472320557
-0.13136939704418182,0.14075292646884918,140.17857360839844,10.124038696289062,123.92857360839844,13.15155029296875,147.60000610351562,12.963661193847656,5.023194313049316,121.0,12.147300720214844,5.065420150756836
-0.13136939704418182,0.21582114696502686,157.89285278320312,9.520278930664062,100.30555725097656,13.166389465332031,152.3000030517578,12.645149230957031,5.088878631591797,154.4499969482422,11.766357421875,5.093570709228516
-0.08445174992084503,0.1360611617565155,174.1666717529297,10.072219848632812,149.5833282470703,13.175102233886719,128.2916717529297,12.45458984375,5.084187030792236,148.10000610351562,11.924407958984375,5.0701117515563965
-0.08445174992084503,0.1360611617565155,174.1666717529297,10.072219848632812,145.0416717529297,12.977027893066406,154.3000030517578,12.572494506835938,5.079495429992676,132.8000030517578,12.129302978515625,5.056036472320557
-0.08445174992084503,0.1360611617565155,174.1666717529297,10.072219848632812,109.28571319580078,13.372383117675781,124.0999984741211,12.826873779296875,5.056036472320557,132.8000030517578,12.129302978515625,5.056036472320557
-0.16421173512935638,0.1360611617565155,155.39285278320312,9.619857788085938,115.75,12.460250854492188,145.1999969482422,12.678810119628906,5.0701117515563965,139.64999389648438,11.736831665039062,5.060728073120117
-0.2064376175403595,0.15013644099235535,135.35714721679688,10.398361206054688,91.11111450195312,13.096168518066406,131.5416717529297,12.738327026367188,5.0701117515563965,151.0500030517578,11.983108520507812,5.056036472320557
-0.2064376175403595,0.23927995562553406,179.6666717529297,9.567985534667969,91.11111450195312,13.096168518066406,147.85000610351562,12.514137268066406,5.117029190063477,92.29166412353516,12.583717346191406,5.088878631591797
-0.12198586016893387,0.15482820570468903,126.0,10.212722778320312,150.5833282470703,9.962303161621094,152.8000030517578,12.795654296875,5.079495429992676,116.29166412353516,11.878242492675781,5.088878631591797
-0.10791057348251343,0.06568469852209091,121.875,10.153007507324219,123.5,13.172447204589844,152.5500030517578,12.489410400390625,5.102953910827637,123.6500015258789,11.987686157226562,5.088878631591797
-0.17828702926635742,0.1595199704170227,156.9642791748047,9.468666076660156,129.125,12.805999755859375,132.0,12.914146423339844,5.046652793884277,117.58333587646484,11.802650451660156,5.079495429992676
-0.2298964411020279,0.17359526455402374,131.89285278320312,10.216720581054688,120.35713958740234,13.353492736816406,134.64999389648438,12.853652954101562,5.027885913848877,118.1500015258789,12.254074096679688,5.023194313049316
-0.21582114696502686,0.24397172033786774,129.96875,9.870742797851562,123.46428680419922,13.02728271484375,134.5500030517578,12.972709655761719,5.051344871520996,118.1500015258789,12.254074096679688,5.023194313049316
-0.21582114696502686,0.24397172033786774,150.92857360839844,10.02642822265625,114.5,13.031974792480469,134.5500030517578,12.972709655761719,5.051344871520996,127.3499984741211,12.172233581542969,5.056036472320557
-0.16421173512935638,0.24397172033786774,174.875,9.97052001953125,131.0,12.930992126464844,103.16666412353516,12.739540100097656,5.173330307006836,126.54166412353516,12.222969055175781,5.145179748535156
-0.16421173512935638,-0.014075292274355888,131.14285278320312,10.590965270996094,42.9375,2.750946044921875,152.3000030517578,12.442947387695312,5.0701117515563965,139.3000030517578,11.803192138671875,5.102953910827637
-0.16421173512935638,-0.014075292274355888,143.0357208251953,10.313461303710938,42.9375,2.750946044921875,152.3000030517578,12.442947387695312,5.0701117515563965,95.54166412353516,12.416229248046875,5.079495429992676
-0.16890349984169006,0.12198586016893387,138.7857208251953,10.0845947265625,140.2916717529297,13.274726867675781,114.5,13.038558959960938,5.0701117515563965,142.0500030517578,12.022911071777344,5.088878631591797
-0.13136939704418182,0.12198586016893387,145.7142791748047,9.963035583496094,124.78571319580078,9.841461181640625,146.0,12.839866638183594,5.126412868499756,104.4000015258789,12.089973449707031,5.117029190063477
-0.13136939704418182,0.12198586016893387,143.60714721679688,10.016471862792969,124.78571319580078,9.841461181640625,146.0,12.839866638183594,5.126412868499756,125.6500015258789,12.205314636230469,5.060728073120117
-0.15482820570468903,0.17359526455402374,156.89285278320312,10.050216674804688,124.10713958740234,13.225662231445312,115.25,12.848770141601562,5.149871826171875,74.83333587646484,12.404518127441406,5.121721267700195
-0.15482820570468903,0.17359526455402374,156.89285278320312,10.050216674804688,106.65625,12.773765563964844,110.82142639160156,12.651611328125,5.056036472320557,113.58333587646484,12.0030517578125,5.084187030792236
-0.01876705512404442,0.1360611617565155,115.80555725097656,9.503944396972656,28.25,2.2828369140625,143.75,12.856407165527344,5.084187030792236,150.39999389648438,11.890403747558594,5.084187030792236
-0.01876705512404442,-0.014075292274355888,115.80555725097656,9.503944396972656,118.96428680419922,12.930412292480469,102.29166412353516,12.924842834472656,5.0701117515563965,134.25,11.928031921386719,5.041961193084717
-0.2064376175403595,0.23927995562553406,129.92857360839844,10.259544372558594,110.64286041259766,13.286346435546875,125.58333587646484,12.549293518066406,5.098262310028076,121.08333587646484,11.471176147460938,5.102953910827637
-0.2064376175403595,-0.17359526455402374,147.89285278320312,9.790260314941406,68.5,6.1636962890625,143.6999969482422,12.935134887695312,5.084187030792236,121.08333587646484,11.471176147460938,5.102953910827637
-0.2064376175403595,-0.17359526455402374,147.89285278320312,9.790260314941406,120.10713958740234,13.237678527832031,106.08333587646484,12.937080383300781,5.079495429992676,98.125,12.187446594238281,5.065420150756836
-0.2064376175403595,-0.17359526455402374,128.4642791748047,10.369178771972656,126.35713958740234,12.625198364257812,127.80000305175781,12.977066040039062,5.065420150756836,128.25,11.993560791015625,5.065420150756836
-0.22051291167736053,0.24866348505020142,125.71428680419922,10.733726501464844,132.2083282470703,13.067626953125,153.75,12.812568664550781,5.065420150756836,135.8000030517578,12.352821350097656,5.041961193084717
-0.2252046763896942,0.24866348505020142,125.71428680419922,10.733726501464844,97.46875,13.155632019042969,140.625,6.873321533203125,5.093570709228516,148.64999389648438,12.01519775390625,5.093570709228516
-0.21112938225269318,0.17359526455402374,132.59375,9.958038330078125,121.28571319580078,13.211074829101562,128.6666717529297,12.570075988769531,5.093570709228516,114.66666412353516,11.452178955078125,5.079495429992676
-0.21112938225269318,0.22051291167736053,171.6666717529297,10.134407043457031,121.28571319580078,13.211074829101562,124.25,12.564506530761719,5.1076459884643555,111.04166412353516,11.770767211914062,5.1076459884643555
-0.19705408811569214,0.21582114696502686,160.75,9.762351989746094,102.32142639160156,13.242179870605469,112.08333587646484,12.923835754394531,5.056036472320557,134.39999389648438,11.652427673339844,5.065420150756836
-0.16890349984169006,0.18767055869102478,149.0,10.550827026367188,128.8333282470703,13.138885498046875,113.54166412353516,12.521476745605469,5.0701117515563965,134.39999389648438,11.652427673339844,5.065420150756836
-0.17359526455402374,0.21112938225269318,137.5,9.781265258789062,112.28571319580078,10.141593933105469,116.375,12.659988403320312,5.056036472320557,95.83333587646484,12.3729248046875,5.037269592285156
-0.19236232340335846,0.15013644099235535,140.25,10.099380493164062,147.6666717529297,13.100502014160156,147.5500030517578,12.716171264648438,5.056036472320557,95.83333587646484,12.3729248046875,5.037269592285156
-0.21112938225269318,0.18767055869102478,144.5357208251953,9.88250732421875,114.03571319580078,13.149856567382812,140.10000610351562,13.058967590332031,5.056036472320557,122.55000305175781,12.510086059570312,5.037269592285156
-0.20174585282802582,0.2298964411020279,174.6666717529297,10.018287658691406,159.6999969482422,13.341888427734375,129.75,13.060997009277344,5.074803352355957,138.6999969482422,12.199287414550781,5.060728073120117
-0.19705408811569214,0.19236232340335846,136.7857208251953,10.309097290039062,110.35713958740234,12.941032409667969,114.08333587646484,12.705856323242188,5.079495429992676,127.9000015258789,11.810272216796875,5.0701117515563965
-0.1360611617565155,0.2064376175403595,151.92857360839844,9.599617004394531,139.9166717529297,12.961563110351562,159.39999389648438,12.641448974609375,5.051344871520996,135.5500030517578,12.148170471191406,5.041961193084717
-0.21582114696502686,0.10321880877017975,133.90625,9.655113220214844,125.875,13.247222900390625,157.89999389648438,12.519599914550781,5.046652793884277,133.89999389648438,12.118461608886719,5.056036472320557
-0.2252046763896942,0.2580470144748688,156.875,10.303810119628906,135.4166717529297,12.960960388183594,143.89999389648438,13.127853393554688,5.051344871520996,133.89999389648438,12.118461608886719,5.056036472320557
-0.2252046763896942,0.23927995562553406,158.9499969482422,9.302032470703125,135.4166717529297,12.960960388183594,134.14999389648438,12.750602722167969,5.131104469299316,122.0,11.604232788085938,5.102953910827637
-0.14075292646884918,0.1595199704170227,140.10714721679688,10.170234680175781,143.375,13.132789611816406,104.29166412353516,12.877799987792969,5.098262310028076,122.0,11.604232788085938,5.102953910827637
-0.1126023381948471,0.1126023381948471,142.2857208251953,10.012870788574219,107.3125,12.717193603515625,104.29166412353516,12.877799987792969,5.098262310028076,125.75,11.755180358886719,5.098262310028076
-0.14544467628002167,0.09383527934551239,160.4166717529297,10.419464111328125,141.2916717529297,13.211189270019531,139.8000030517578,12.874214172363281,5.041961193084717,112.5,12.209449768066406,5.018502235412598
-0.14544467628002167,0.16421173512935638,142.67857360839844,9.999977111816406,141.2916717529297,13.211189270019531,115.375,12.649971008300781,5.051344871520996,108.125,12.063652038574219,5.051344871520996
-0.24397172033786774,0.19705408811569214,116.125,10.085174560546875,143.0833282470703,12.890045166015625,149.1875,12.751358032226562,5.093570709228516,98.70833587646484,12.186149597167969,5.126412868499756
-0.24397172033786774,0.1829787939786911,136.67857360839844,9.735939025878906,143.0833282470703,12.890045166015625,149.1875,12.751358032226562,5.093570709228516,112.33333587646484,11.860115051269531,5.074803352355957
-0.24397172033786774,0.1829787939786911,136.67857360839844,9.735939025878906,149.3333282470703,12.995468139648438,126.5999984741211,12.856651306152344,5.079495429992676,113.33333587646484,11.980598449707031,5.0701117515563965
-0.24397172033786774,0.14075292646884918,134.96875,9.954666137695312,149.3333282470703,12.995468139648438,136.0,12.724769592285156,5.051344871520996,146.6999969482422,11.864395141601562,5.098262310028076
-0.07506822049617767,0.14075292646884918,134.96875,9.954666137695312,152.9583282470703,13.18658447265625,112.8499984741211,13.304557800292969,5.117029190063477,146.6999969482422,11.864395141601562,5.098262310028076
-0.07506822049617767,0.08914351463317871,153.35714721679688,10.403373718261719,152.9583282470703,13.18658447265625,108.75,12.837936401367188,5.093570709228516,123.83333587646484,11.704353332519531,5.0701117515563965
-0.20174585282802582,0.08914351463317871,153.35714721679688,10.403373718261719,140.7916717529297,13.193557739257812,105.375,12.7764892578125,5.117029190063477,129.75,12.03338623046875,5.065420150756836
-0.10791057348251343,0.19705408811569214,146.7142791748047,10.349891662597656,123.85713958740234,12.890640258789062,115.10713958740234,12.478530883789062,5.0701117515563965,123.375,12.009666442871094,5.074803352355957
-0.08445174992084503,0.05630116909742355,170.8333282470703,10.078926086425781,152.5416717529297,10.334495544433594,140.5500030517578,12.64776611328125,5.051344871520996,112.54166412353516,11.744400024414062,5.0701117515563965
-0.2064376175403595,0.16890349984169006,150.64285278320312,10.217918395996094,124.53571319580078,13.126808166503906,140.35000610351562,12.842193603515625,5.027885913848877,112.54166412353516,11.744400024414062,5.0701117515563965
-0.15013644099235535,0.16890349984169006,111.3125,10.252845764160156,147.0,13.100990295410156,126.54166412353516,12.764686584472656,5.060728073120117,143.4499969482422,11.989128112792969,5.056036472320557
-0.17359526455402374,0.1595199704170227,139.35714721679688,10.171607971191406,111.82142639160156,13.143035888671875,112.44999694824219,12.847526550292969,5.131104469299316,122.5999984741211,11.23602294921875,5.093570709228516
-0.16890349984169006,0.17828702926635742,155.75,10.119674682617188,120.39286041259766,12.867744445800781,112.44999694824219,12.847526550292969,5.131104469299316,122.5999984741211,11.23602294921875,5.093570709228516
-0.2768140733242035,0.2580470144748688,150.75,9.776138305664062,108.39286041259766,13.058540344238281,127.54166412353516,12.465469360351562,5.060728073120117,122.1500015258789,11.976387023925781,5.135796546936035
-0.1126023381948471,0.21112938225269318,151.64285278320312,10.350410461425781,130.5833282470703,12.865699768066406,160.0,12.533782958984375,5.112337589263916,86.91666412353516,12.522636413574219,5.093570709228516
-0.11729410290718079,0.19236232340335846,148.7142791748047,10.034652709960938,126.89286041259766,12.994003295898438,99.54166412353516,12.930290222167969,5.079495429992676,143.89999389648438,12.077133178710938,5.079495429992676
-0.16421173512935638,0.22051291167736053,138.07142639160156,10.614295959472656,141.6666717529297,9.881393432617188,120.30000305175781,12.585670471191406,5.079495429992676,143.89999389648438,12.077133178710938,5.079495429992676
-0.17359526455402374,0.16890349984169006,126.75,10.431167602539062,117.92857360839844,13.308334350585938,120.30000305175781,12.585670471191406,5.079495429992676,115.83333587646484,12.210105895996094,5.079495429992676
-0.17359526455402374,0.1126023381948471,144.32142639160156,10.168403625488281,117.92857360839844,13.308334350585938,122.4000015258789,12.688972473144531,5.079495429992676,115.83333587646484,12.210105895996094,5.079495429992676
-0.07506822049617767,0.1126023381948471,124.67857360839844,10.595970153808594,111.64286041259766,12.689178466796875,99.29166412353516,12.753936767578125,5.079495429992676,115.83333587646484,12.210105895996094,5.079495429992676
-0.1126023381948471,0.014075292274355888,139.64285278320312,10.144157409667969,126.41666412353516,12.814285278320312,118.8499984741211,12.593414306640625,5.079495429992676,146.8000030517578,12.003074645996094,5.117029190063477
-0.15013644099235535,0.14075292646884918,155.92857360839844,9.855964660644531,142.4583282470703,12.770614624023438,149.39999389648438,12.827468872070312,5.074803352355957,148.5,12.078880310058594,5.056036472320557
-0.21582114696502686,0.15482820570468903,127.90625,9.983474731445312,118.44999694824219,12.414154052734375,149.39999389648438,12.827468872070312,5.074803352355957,123.94999694824219,12.117263793945312,5.084187030792236
-0.21582114696502686,0.2298964411020279,172.5,10.2332763671875,118.44999694824219,12.414154052734375,108.08333587646484,12.847068786621094,5.074803352355957,124.45833587646484,11.909446716308594,5.060728073120117
-0.21582114696502686,0.2298964411020279,156.2916717529297,10.335304260253906,118.44999694824219,12.414154052734375,147.8000030517578,12.828239440917969,5.074803352355957,124.45833587646484,11.909446716308594,5.060728073120117
-0.14075292646884918,0.14075292646884918,108.89286041259766,10.966300964355469,143.0,9.782241821289062,146.39999389648438,12.749824523925781,5.037269592285156,131.0500030517578,12.489990234375,5.088878631591797
-0.14075292646884918,0.13136939704418182,42.8125,-1.8138198852539062,143.0,9.782241821289062,146.39999389648438,12.749824523925781,5.037269592285156,142.6999969482422,12.076309204101562,5.046652793884277
-0.19705408811569214,0.13136939704418182,148.35714721679688,10.374259948730469,108.75,13.167678833007812,110.6500015258789,12.958541870117188,5.112337589263916,142.6999969482422,12.076309204101562,5.046652793884277
-0.20174585282802582,0.21112938225269318,160.07142639160156,9.901885986328125,128.0833282470703,13.004249572753906,150.8000030517578,12.899765014648438,5.112337589263916,143.8000030517578,12.103355407714844,5.098262310028076
-0.2580470144748688,0.24397172033786774,104.5,4.44061279296875,99.0625,12.96759033203125,145.3000030517578,12.722076416015625,5.079495429992676,145.64999389648438,12.038116455078125,5.093570709228516
-0.08914351463317871,0.1360611617565155,135.39285278320312,10.364791870117188,115.89286041259766,12.772895812988281,107.58333587646484,13.101226806640625,5.079495429992676,145.3000030517578,12.148689270019531,5.084187030792236
-0.1829787939786911,0.1360611617565155,135.39285278320312,10.364791870117188,100.625,13.180374145507812,150.3000030517578,6.2779388427734375,5.056036472320557,150.0,12.363258361816406,5.088878631591797
-0.14075292646884918,0.16421173512935638,163.625,10.155479431152344,132.5357208251953,13.186737060546875,152.0,12.775894165039062,5.0701117515563965,139.35000610351562,12.217445373535156,5.074803352355957
-0.22051291167736053,0.1360611617565155,140.0,10.489013671875,114.28571319580078,13.143882751464844,146.5,12.861679077148438,5.0701117515563965,146.64999389648438,12.257049560546875,5.102953910827637
-0.22051291167736053,0.1360611617565155,140.0,10.489013671875,111.65625,13.567962646484375,119.83333587646484,12.812522888183594,5.102953910827637,88.20833587646484,12.418235778808594,5.079495429992676
-0.22051291167736053,0.1595199704170227,155.64285278320312,9.969879150390625,111.65625,13.567962646484375,119.83333587646484,12.812522888183594,5.102953910827637,137.1999969482422,11.9930419921875,5.074803352355957
-0.1126023381948471,0.1595199704170227,155.64285278320312,9.969879150390625,123.5,12.879531860351562,118.94999694824219,13.015296936035156,5.060728073120117,137.5,12.076034545898438,5.060728073120117
-0.1126023381948471,0.2252046763896942,104.0,10.583038330078125,136.4583282470703,13.131217956542969,122.0,12.80126953125,5.0701117515563965,121.54166412353516,11.909797668457031,5.0701117515563965
-0.24397172033786774,0.2252046763896942,146.35714721679688,9.827690124511719,147.9166717529297,12.973945617675781,121.08333587646484,12.714614868164062,5.051344871520996,122.5,11.99609375,5.074803352355957
-0.09852704405784607,0.20174585282802582,136.7142791748047,10.443901062011719,129.67857360839844,13.061050415039062,117.25,12.442543029785156,5.074803352355957,122.5,11.99609375,5.074803352355957
-0.2298964411020279,0.21112938225269318,177.3333282470703,10.024436950683594,120.67857360839844,12.925163269042969,141.0500030517578,12.904815673828125,5.056036472320557,124.375,11.88720703125,5.074803352355957
-0.23458820581436157,0.24866348505020142,176.5833282470703,10.464744567871094,126.35713958740234,13.045753479003906,100.91666412353516,12.994308471679688,5.112337589263916,103.5,12.090476989746094,5.079495429992676
-0.2580470144748688,0.24866348505020142,153.8333282470703,10.62158203125,105.71875,13.065818786621094,123.20833587646484,12.607536315917969,5.0701117515563965,116.3499984741211,12.520294189453125,5.056036472320557
-0.2580470144748688,0.24866348505020142,183.6666717529297,9.746116638183594,114.58333587646484,13.466217041015625,123.20833587646484,12.607536315917969,5.0701117515563965,140.0,11.844902038574219,5.0701117515563965
-0.15013644099235535,0.24866348505020142,134.0357208251953,10.1043701171875,117.85713958740234,12.876754760742188,112.875,13.084014892578125,5.060728073120117,112.83333587646484,12.368980407714844,5.056036472320557
-0.1829787939786911,0.14544467628002167,140.0357208251953,10.365318298339844,115.32142639160156,13.177299499511719,146.64999389648438,12.902915954589844,5.056036472320557,127.44999694824219,12.397140502929688,5.056036472320557
-0.16421173512935638,0.17828702926635742,135.89285278320312,10.33489990234375,169.0500030517578,12.943458557128906,146.3000030517578,12.934822082519531,5.065420150756836,127.44999694824219,12.397140502929688,5.056036472320557
-0.23458820581436157,0.22051291167736053,157.42857360839844,9.859169006347656,175.0500030517578,13.389602661132812,146.3000030517578,12.934822082519531,5.065420150756836,127.625,12.013832092285156,5.112337589263916
-0.23458820581436157,0.22051291167736053,157.42857360839844,9.859169006347656,113.28571319580078,13.12432861328125,138.0,13.248641967773438,5.065420150756836,122.125,11.945785522460938,5.112337589263916
-0.23458820581436157,0.22051291167736053,157.42857360839844,9.859169006347656,132.0833282470703,13.142669677734375,130.5416717529297,12.597061157226562,5.079495429992676,122.125,11.945785522460938,5.112337589263916
-0.23458820581436157,0.23458820581436157,148.2142791748047,9.956932067871094,140.125,12.918792724609375,130.5416717529297,12.597061157226562,5.079495429992676,124.70833587646484,-1.0001678466796875,5.046652793884277
-0.23458820581436157,0.23458820581436157,174.0833282470703,10.329383850097656,136.7916717529297,12.719970703125,121.58333587646484,12.892730712890625,5.060728073120117,107.54166412353516,12.484535217285156,5.0701117515563965
-0.1126023381948471,0.17359526455402374,144.7142791748047,10.359794616699219,123.28571319580078,13.133308410644531,121.58333587646484,12.892730712890625,5.060728073120117,141.75,12.272171020507812,5.074803352355957
-0.15013644099235535,0.14544467628002167,147.0357208251953,10.00048828125,94.625,13.093429565429688,97.25,13.06451416015625,5.060728073120117,123.5,12.013694763183594,5.112337589263916
-0.1360611617565155,0.11729410290718079,138.64285278320312,10.331565856933594,117.5,12.970741271972656,112.95833587646484,12.707786560058594,5.041961193084717,138.10000610351562,12.095260620117188,5.041961193084717
-0.1360611617565155,0.10791057348251343,134.89285278320312,10.517990112304688,117.5,12.970741271972656,112.95833587646484,12.707786560058594,5.041961193084717,138.10000610351562,12.095260620117188,5.041961193084717
-0.12198586016893387,0.10791057348251343,147.7142791748047,9.919570922851562,115.85713958740234,12.936714172363281,126.375,13.067237854003906,5.084187030792236,101.58333587646484,12.430099487304688,5.060728073120117
-0.14544467628002167,0.15482820570468903,185.25,9.866569519042969,112.60713958740234,13.111068725585938,154.5,12.699211120605469,5.098262310028076,147.0500030517578,12.051467895507812,5.056036472320557
-0.17359526455402374,0.18767055869102478,154.82142639160156,9.551902770996094,108.82142639160156,13.271102905273438,118.70833587646484,12.912384033203125,5.051344871520996,142.8000030517578,12.082283020019531,5.074803352355957
-0.17828702926635742,0.17828702926635742,154.10714721679688,9.815826416015625,143.3333282470703,12.939178466796875,118.70833587646484,12.912384033203125,5.051344871520996,141.1999969482422,12.225311279296875,5.131104469299316
-0.15482820570468903,0.1829787939786911,168.25,10.202651977539062,118.03571319580078,12.686836242675781,135.0,12.491188049316406,5.088878631591797,125.25,12.136665344238281,5.102953910827637
-0.15482820570468903,0.15013644099235535,176.125,10.112831115722656,141.2083282470703,12.656143188476562,151.75,12.946006774902344,5.088878631591797,101.5,12.192222595214844,5.088878631591797
-0.15482820570468903,0.15013644099235535,137.25,10.223678588867188,141.75,12.617210388183594,116.5,13.064598083496094,5.027885913848877,125.3499984741211,12.159049987792969,5.046652793884277
-0.1360611617565155,0.14544467628002167,175.2916717529297,9.9329833984375,96.03125,13.232185363769531,139.85000610351562,12.785858154296875,5.060728073120117,99.5,12.117210388183594,5.051344871520996
-0.07037646323442459,0.14544467628002167,130.0357208251953,10.642303466796875,139.6666717529297,12.870941162109375,125.3499984741211,13.089454650878906,5.056036472320557,138.8000030517578,12.398422241210938,5.074803352355957
-0.272122323513031,0.24397172033786774,154.64285278320312,10.153289794921875,102.25,13.423782348632812,140.0,12.824714660644531,5.060728073120117,138.8000030517578,12.398422241210938,5.074803352355957
-0.11729410290718079,0.20174585282802582,153.67857360839844,9.716209411621094,119.08333587646484,12.750053405761719,147.0500030517578,12.798965454101562,5.0701117515563965,96.04166412353516,12.311988830566406,5.065420150756836
-0.11729410290718079,0.14544467628002167,149.14285278320312,9.970932006835938,114.42857360839844,12.953514099121094,133.0500030517578,12.954910278320312,5.060728073120117,146.60000610351562,12.031539916992188,5.112337589263916
-0.11729410290718079,0.24866348505020142,121.42857360839844,10.653640747070312,114.42857360839844,12.953514099121094,133.0500030517578,12.954910278320312,5.060728073120117,125.0,12.030624389648438,5.060728073120117
-0.19705408811569214,0.19236232340335846,119.125,10.069786071777344,106.84375,12.948471069335938,133.0500030517578,12.954910278320312,5.060728073120117,99.83333587646484,12.322662353515625,5.060728073120117
-0.17359526455402374,0.17828702926635742,134.5357208251953,10.366767883300781,117.21428680419922,12.911529541015625,133.0500030517578,12.954910278320312,5.060728073120117,111.79166412353516,11.677894592285156,5.060728073120117
-0.12198586016893387,0.10791057348251343,148.89285278320312,10.159317016601562,111.46428680419922,12.680519104003906,133.0500030517578,12.954910278320312,5.060728073120117,111.79166412353516,11.677894592285156,5.060728073120117
-0.15482820570468903,0.15482820570468903,83.69999694824219,2.5123977661132812,106.21875,12.996406555175781,133.0500030517578,12.954910278320312,5.060728073120117,119.29166412353516,11.98504638671875,5.060728073120117
-0.15482820570468903,0.13136939704418182,154.57142639160156,9.487724304199219,106.21875,12.996406555175781,149.4499969482422,12.997390747070312,5.060728073120117,121.70833587646484,12.375007629394531,5.074803352355957
-0.10321880877017975,0.15482820570468903,134.89285278320312,10.240852355957031,123.67857360839844,13.377784729003906,149.4499969482422,12.997390747070312,5.060728073120117,130.25,12.283607482910156,5.051344871520996
-0.1360611617565155,0.10321880877017975,176.7083282470703,9.953277587890625,170.89999389648438,12.727775573730469,149.4499969482422,12.997390747070312,5.060728073120117,120.44999694824219,12.31939697265625,5.056036472320557
-0.07037646323442459,0.13136939704418182,116.21428680419922,10.73834228515625,126.25,12.818466186523438,102.66666412353516,12.735275268554688,5.084187030792236,109.08333587646484,12.188575744628906,5.056036472320557
-0.13136939704418182,0.07975998520851135,131.82142639160156,10.375389099121094,147.0416717529297,13.047012329101562,121.5999984741211,12.821205139160156,5.0701117515563965,145.8000030517578,12.019371032714844,5.051344871520996
-0.09383527934551239,0.16421173512935638,129.28125,9.518440246582031,148.375,13.230888366699219,115.875,13.180282592773438,5.0325775146484375,136.0625,12.419059753417969,5.065420150756836
-0.21112938225269318,0.17828702926635742,157.07142639160156,9.418228149414062,124.42857360839844,13.167640686035156,150.64999389648438,12.636184692382812,5.112337589263916,123.66666412353516,11.976188659667969,5.0701117515563965
-0.12198586016893387,0.10321880877017975,156.4642791748047,10.009147644042969,125.125,13.259017944335938,142.4499969482422,13.174591064453125,5.112337589263916,119.79166412353516,11.766853332519531,5.088878631591797
-0.1595199704170227,0.10321880877017975,156.4642791748047,10.009147644042969,145.2916717529297,13.119682312011719,142.4499969482422,13.174591064453125,5.112337589263916,92.16666412353516,12.306053161621094,5.0701117515563965
-0.1595199704170227,0.16890349984169006,128.92857360839844,10.115524291992188,145.2916717529297,13.119682312011719,110.33333587646484,12.893455505371094,5.056036472320557,149.14999389648438,12.170654296875,5.0701117515563965
-0.19236232340335846,0.16890349984169006,107.46875,10.554603576660156,126.83333587646484,13.063789367675781,137.5500030517578,12.971397399902344,5.088878631591797,108.6500015258789,12.403457641601562,5.079495429992676
-0.20174585282802582,0.16421173512935638,156.0357208251953,9.885932922363281,143.75,12.970130920410156,137.5500030517578,12.971397399902344,5.088878631591797,106.30000305175781,12.3375244140625,5.079495429992676
-0.17359526455402374,0.2064376175403595,143.5357208251953,10.066261291503906,114.96428680419922,13.161781311035156,150.10000610351562,12.846717834472656,5.102953910827637,87.41666412353516,12.09130859375,5.135796546936035
-0.17359526455402374,0.2064376175403595,143.5357208251953,10.066261291503906,150.7916717529297,13.693656921386719,150.10000610351562,12.846717834472656,5.102953910827637,109.625,12.018829345703125,5.056036472320557
-0.17359526455402374,0.2064376175403595,132.9642791748047,10.11688232421875,114.4375,12.878395080566406,156.35000610351562,12.947273254394531,5.088878631591797,109.625,12.018829345703125,5.056036472320557
-0.17359526455402374,0.09383527934551239,173.3333282470703,10.259590148925781,138.25,13.225051879882812,92.71428680419922,12.911537170410156,5.117029190063477,123.75,11.839736938476562,5.149871826171875
-0.17359526455402374,0.15013644099235535,137.25,10.930610656738281,138.25,13.225051879882812,130.375,12.551727294921875,5.126412868499756,122.9000015258789,12.027313232421875,5.098262310028076
-0.17359526455402374,0.14544467628002167,124.9375,10.189750671386719,150.0,13.030998229980469,121.1500015258789,12.993354797363281,5.088878631591797,149.0,12.044456481933594,5.074803352355957
-0.15013644099235535,0.1595199704170227,114.28571319580078,10.788314819335938,143.9166717529297,13.046333312988281,117.91666412353516,12.856117248535156,5.041961193084717,129.1999969482422,12.204689025878906,5.041961193084717
-0.15013644099235535,0.1595199704170227,114.28571319580078,10.788314819335938,143.9166717529297,13.046333312988281,148.6999969482422,12.805404663085938,5.079495429992676,118.4000015258789,12.409431457519531,5.051344871520996
-0.17828702926635742,0.1595199704170227,136.5,10.331642150878906,152.5833282470703,10.200721740722656,127.20833587646484,13.050636291503906,5.098262310028076,148.5500030517578,11.877182006835938,5.102953910827637
-0.17828702926635742,0.16421173512935638,155.57142639160156,10.087860107421875,152.5833282470703,10.200721740722656,133.5500030517578,13.039665222167969,5.074803352355957,178.5625,12.313934326171875,5.126412868499756
-0.10791057348251343,0.16421173512935638,145.89285278320312,10.413162231445312,98.75,13.129020690917969,152.64999389648438,12.561996459960938,5.060728073120117,122.9000015258789,12.550697326660156,5.027885913848877
-0.21112938225269318,0.20174585282802582,173.0416717529297,10.148536682128906,141.0,13.002975463867188,109.58333587646484,12.848640441894531,5.056036472320557,138.0500030517578,12.160797119140625,5.065420150756836
-0.22051291167736053,0.21112938225269318,118.09375,10.380111694335938,107.14286041259766,13.188858032226562,134.6999969482422,13.185302734375,5.0325775146484375,118.75,12.20050048828125,5.0701117515563965
-0.24397172033786774,0.23458820581436157,145.9642791748047,10.248252868652344,129.0,13.129013061523438,125.625,12.613250732421875,5.102953910827637,118.75,12.20050048828125,5.0701117515563965
-0.24397172033786774,0.2298964411020279,129.0357208251953,10.54669189453125,113.71428680419922,12.701957702636719,125.625,12.613250732421875,5.102953910827637,95.79166412353516,12.501441955566406,5.088878631591797
-0.11729410290718079,0.1360611617565155,144.0357208251953,10.230255126953125,112.28125,13.307540893554688,116.08333587646484,12.966217041015625,5.056036472320557,127.75,12.254905700683594,5.056036472320557
-0.17359526455402374,0.14544467628002167,168.5416717529297,10.462226867675781,112.9375,12.715431213378906,144.60000610351562,12.817939758300781,5.084187030792236,90.20833587646484,12.712135314941406,5.135796546936035
-0.16890349984169006,0.14544467628002167,123.0,10.339996337890625,107.09375,12.972587585449219,111.80000305175781,12.93243408203125,5.098262310028076,133.9499969482422,12.301910400390625,5.037269592285156
-0.15482820570468903,0.1829787939786911,168.8333282470703,10.333877563476562,137.2916717529297,12.755355834960938,127.41666412353516,12.698165893554688,5.074803352355957,104.0,12.135391235351562,5.079495429992676
-0.17359526455402374,0.1829787939786911,154.07142639160156,10.328338623046875,121.57142639160156,12.904853820800781,121.58333587646484,12.528404235839844,5.088878631591797,124.0,11.979537963867188,5.102953910827637
-0.17359526455402374,0.23458820581436157,137.89285278320312,10.539772033691406,119.17857360839844,13.185005187988281,126.125,12.987442016601562,5.112337589263916,102.83333587646484,12.3040771484375,5.074803352355957
-0.2298964411020279,0.23458820581436157,156.39285278320312,9.888313293457031,127.16666412353516,13.28802490234375,128.4499969482422,11.997459411621094,5.0701117515563965,139.25,12.213676452636719,5.0701117515563965
-0.17828702926635742,0.15482820570468903,146.92857360839844,10.169410705566406,145.25,13.049537658691406,155.60000610351562,12.748031616210938,5.112337589263916,139.25,12.213676452636719,5.0701117515563965
-0.17828702926635742,0.14544467628002167,130.07142639160156,10.747482299804688,145.25,13.049537658691406,126.91666412353516,12.838623046875,5.056036472320557,98.41666412353516,12.314109802246094,5.088878631591797
-0.08914351463317871,0.05630116909742355,115.875,9.946929931640625,116.34375,12.963218688964844,130.5,12.920578002929688,5.121721267700195,143.0,12.427238464355469,5.1076459884643555
-0.13136939704418182,0.24397172033786774,177.9166717529297,10.256126403808594,120.10713958740234,12.986160278320312,151.3000030517578,12.912063598632812,5.056036472320557,110.8499984741211,12.248565673828125,5.060728073120117
-0.13136939704418182,0.13136939704418182,155.82142639160156,10.029434204101562,149.2916717529297,13.070037841796875,131.9499969482422,12.773391723632812,5.102953910827637,106.54166412353516,12.246482849121094,5.084187030792236
-0.14544467628002167,0.10321880877017975,127.42857360839844,10.866325378417969,123.28571319580078,13.051704406738281,135.89999389648438,13.098136901855469,5.102953910827637,104.3499984741211,9.566230773925781,5.1545634269714355
-0.14075292646884918,0.16890349984169006,122.3125,10.502830505371094,154.4499969482422,13.25726318359375,139.64999389648438,12.939605712890625,5.060728073120117,107.70833587646484,12.530769348144531,5.065420150756836
-0.1595199704170227,0.16890349984169006,122.3125,10.502830505371094,163.89999389648438,13.062088012695312,148.60000610351562,12.371101379394531,5.056036472320557,129.9499969482422,11.939727783203125,5.056036472320557
-0.1126023381948471,0.16890349984169006,179.875,10.197036743164062,93.03125,12.661666870117188,123.79166412353516,13.151443481445312,5.060728073120117,136.8000030517578,12.287673950195312,5.065420150756836
-0.14075292646884918,0.08445174992084503,182.0416717529297,9.957290649414062,147.0416717529297,13.244483947753906,146.0,12.728630065917969,5.084187030792236,146.39999389648438,12.17108154296875,5.0325775146484375
-0.16421173512935638,0.08445174992084503,142.32142639160156,10.300819396972656,106.92857360839844,10.105514526367188,132.9499969482422,13.251968383789062,5.0325775146484375,153.75,11.814262390136719,5.046652793884277
-0.16421173512935638,0.17828702926635742,132.07142639160156,10.553840637207031,92.5,12.857170104980469,117.5,12.907676696777344,5.088878631591797,153.75,11.814262390136719,5.046652793884277
-0.17828702926635742,0.12198586016893387,154.4642791748047,10.264350891113281,146.2083282470703,13.017768859863281,117.5,12.907676696777344,5.088878631591797,110.5,12.310813903808594,5.060728073120117
-0.2064376175403595,0.18767055869102478,156.375,10.484886169433594,101.11111450195312,12.987808227539062,145.60000610351562,13.099983215332031,5.056036472320557,105.875,11.725425720214844,5.037269592285156
-0.17828702926635742,0.20174585282802582,130.46875,10.018836975097656,146.5416717529297,13.087249755859375,152.1999969482422,12.56536865234375,5.056036472320557,105.875,11.725425720214844,5.037269592285156
-0.17828702926635742,0.16890349984169006,168.7083282470703,10.3641357421875,145.875,13.024101257324219,152.1999969482422,12.56536865234375,5.056036472320557,135.60000610351562,12.182502746582031,5.065420150756836
-0.17828702926635742,0.16890349984169006,168.7083282470703,10.3641357421875,149.7916717529297,12.786567687988281,128.5,12.888572692871094,5.102953910827637,107.79166412353516,12.201278686523438,5.088878631591797
-0.1595199704170227,0.23458820581436157,159.17857360839844,10.286453247070312,133.0,13.096519470214844,128.5,12.888572692871094,5.102953910827637,107.79166412353516,12.201278686523438,5.088878631591797
-0.26743054389953613,0.1595199704170227,156.17857360839844,9.806846618652344,130.9642791748047,13.221435546875,120.125,13.143707275390625,5.0325775146484375,107.79166412353516,12.201278686523438,5.088878631591797
-0.26743054389953613,0.24397172033786774,111.34375,10.673484802246094,148.0,12.924385070800781,155.5,12.743270874023438,5.074803352355957,139.9499969482422,12.043220520019531,5.0701117515563965
-0.26743054389953613,0.28619760274887085,123.15625,10.360809326171875,108.125,12.760185241699219,105.19999694824219,13.211631774902344,5.102953910827637,140.85000610351562,12.126235961914062,5.065420150756836
-0.26743054389953613,0.19705408811569214,146.2142791748047,10.163230895996094,108.125,12.760185241699219,128.4583282470703,12.823150634765625,5.117029190063477,98.82142639160156,11.872261047363281,5.084187030792236
-0.20174585282802582,0.24397172033786774,146.0833282470703,10.93841552734375,140.0,13.106948852539062,136.1999969482422,12.773773193359375,5.0325775146484375,90.85713958740234,12.486526489257812,5.079495429992676
-0.20174585282802582,0.1829787939786911,153.0357208251953,10.246200561523438,140.0,13.106948852539062,113.625,13.058753967285156,5.084187030792236,119.25,12.021270751953125,5.084187030792236
-0.17359526455402374,0.10791057348251343,149.82142639160156,10.04998779296875,129.39285278320312,12.886856079101562,141.4499969482422,12.963081359863281,5.084187030792236,136.8000030517578,12.097236633300781,5.084187030792236
-0.12198586016893387,0.23458820581436157,171.5,9.882926940917969,117.39286041259766,12.620002746582031,92.5,13.210151672363281,5.102953910827637,136.8000030517578,12.097236633300781,5.084187030792236
-0.12198586016893387,0.23458820581436157,119.96428680419922,10.573020935058594,154.75,13.109397888183594,116.75,12.876106262207031,5.079495429992676,152.10000610351562,11.901451110839844,5.126412868499756
-0.17359526455402374,0.2298964411020279,148.89285278320312,10.047470092773438,119.17857360839844,13.043464660644531,147.3000030517578,12.613761901855469,5.093570709228516,112.70833587646484,12.447029113769531,5.074803352355957
-0.17359526455402374,0.2298964411020279,148.89285278320312,10.047470092773438,99.0625,12.782745361328125,146.25,12.656356811523438,5.065420150756836,112.70833587646484,12.447029113769531,5.074803352355957
-0.17359526455402374,0.15013644099235535,117.0,10.280143737792969,120.35713958740234,13.199905395507812,146.25,12.656356811523438,5.065420150756836,112.70833587646484,12.447029113769531,5.074803352355957
-0.15482820570468903,0.13136939704418182,148.7142791748047,10.09405517578125,97.44444274902344,12.862228393554688,119.58333587646484,12.9576416015625,5.065420150756836,116.44999694824219,12.289199829101562,5.051344871520996
-0.12198586016893387,0.1595199704170227,152.2857208251953,10.147361755371094,127.66666412353516,13.141502380371094,120.95833587646484,12.720657348632812,5.065420150756836,116.44999694824219,12.289199829101562,5.051344871520996
-0.18767055869102478,0.14544467628002167,126.1875,10.107025146484375,129.35714721679688,13.191741943359375,134.14999389648438,12.842765808105469,5.088878631591797,184.0,12.332550048828125,5.079495429992676
-0.10321880877017975,0.12667763233184814,123.9375,9.580459594726562,137.6666717529297,13.030876159667969,114.0999984741211,12.618301391601562,5.088878631591797,126.0999984741211,12.189865112304688,5.084187030792236
-0.17828702926635742,0.1595199704170227,177.1666717529297,9.932960510253906,119.91666412353516,12.914390563964844,119.20833587646484,12.903465270996094,5.0701117515563965,101.75,12.044944763183594,5.112337589263916
-0.14075292646884918,0.1595199704170227,150.5357208251953,10.023239135742188,120.75,12.545158386230469,105.75,13.079566955566406,5.041961193084717,141.0500030517578,11.753227233886719,5.060728073120117
-0.1829787939786911,0.1595199704170227,150.5357208251953,10.023239135742188,122.28571319580078,13.096420288085938,155.85000610351562,12.995857238769531,5.093570709228516,118.08333587646484,11.863571166992188,5.102953910827637
-0.1829787939786911,0.22051291167736053,146.7857208251953,10.2646484375,153.2083282470703,13.143951416015625,122.41666412353516,12.802398681640625,5.074803352355957,122.25,11.996177673339844,5.060728073120117
-0.11729410290718079,0.1360611617565155,141.42857360839844,9.6322021484375,111.53125,13.028549194335938,119.54166412353516,12.871124267578125,5.0701117515563965,116.05000305175781,12.461936950683594,5.065420150756836
-0.11729410290718079,0.05630116909742355,135.5,10.042778015136719,111.53125,13.028549194335938,123.91666412353516,12.818405151367188,5.074803352355957,104.08333587646484,12.107917785644531,5.065420150756836
-0.15482820570468903,0.042225874960422516,171.375,10.208900451660156,149.625,12.212783813476562,157.5500030517578,12.886016845703125,5.088878631591797,129.9583282470703,12.417930603027344,5.079495429992676
-0.16890349984169006,0.1595199704170227,150.9642791748047,10.013381958007812,147.8333282470703,13.366889953613281,118.75,13.264213562011719,5.079495429992676,111.69999694824219,12.515060424804688,5.084187030792236
-0.16890349984169006,0.1595199704170227,150.9642791748047,10.013381958007812,111.53571319580078,13.271347045898438,142.4499969482422,12.849510192871094,5.079495429992676,120.5,12.675308227539062,5.074803352355957
-0.3706493675708771,0.3471905291080475,72.8125,3.049285888671875,151.9166717529297,12.894401550292969,142.4499969482422,12.849510192871094,5.079495429992676,120.5,12.675308227539062,5.074803352355957
-0.17359526455402374,0.2768140733242035,109.90625,10.337776184082031,140.5,13.095489501953125,152.89999389648438,12.772598266601562,5.079495429992676,113.16666412353516,12.288818359375,5.051344871520996
-0.2768140733242035,0.2768140733242035,109.90625,10.337776184082031,126.625,13.18048095703125,152.89999389648438,12.772598266601562,5.079495429992676,113.16666412353516,12.288818359375,5.051344871520996
-0.2768140733242035,0.2768140733242035,109.90625,10.337776184082031,111.5,13.016441345214844,153.10000610351562,12.71368408203125,5.079495429992676,119.125,12.207862854003906,5.051344871520996
-0.2768140733242035,0.14544467628002167,178.375,10.2283935546875,111.5,13.016441345214844,161.14999389648438,13.048027038574219,5.112337589263916,146.89999389648438,11.850296020507812,5.088878631591797
-0.09852704405784607,0.1126023381948471,144.5357208251953,10.285194396972656,114.96428680419922,13.110939025878906,122.54166412353516,12.585533142089844,5.079495429992676,146.89999389648438,11.850296020507812,5.088878631591797
-0.09852704405784607,0.1126023381948471,142.10714721679688,9.731925964355469,114.96428680419922,13.110939025878906,122.54166412353516,12.585533142089844,5.079495429992676,114.875,12.1002197265625,5.074803352355957
-0.12198586016893387,0.1360611617565155,187.0833282470703,9.716560363769531,103.21875,9.531021118164062,123.70833587646484,12.728729248046875,5.060728073120117,143.85000610351562,12.057670593261719,5.084187030792236
-0.18767055869102478,0.24397172033786774,147.75,9.565567016601562,139.5416717529297,13.028167724609375,148.8000030517578,12.825958251953125,5.046652793884277,132.25,12.145523071289062,5.051344871520996
-0.24397172033786774,0.2298964411020279,137.4642791748047,10.296257019042969,110.46428680419922,13.066062927246094,156.1999969482422,11.6038818359375,5.046652793884277,112.20833587646484,11.8765869140625,5.051344871520996
-0.1829787939786911,0.18767055869102478,137.0625,10.11962890625,141.375,13.044113159179688,139.0,12.935379028320312,5.041961193084717,121.16666412353516,12.110328674316406,5.023194313049316
-0.1829787939786911,0.12198586016893387,123.85713958740234,10.389381408691406,141.375,13.044113159179688,155.25,12.911872863769531,5.126412868499756,92.66666412353516,12.034248352050781,5.1076459884643555
-0.004691763781011105,0.12198586016893387,123.85713958740234,10.389381408691406,108.1875,13.26495361328125,147.0500030517578,12.951560974121094,5.060728073120117,95.95833587646484,12.334892272949219,5.074803352355957
-0.1126023381948471,0.16421173512935638,131.15625,10.009941101074219,125.95833587646484,13.233489990234375,145.25,12.80780029296875,5.1076459884643555,126.0,12.112220764160156,5.102953910827637
-0.16421173512935638,0.12667763233184814,149.25,10.294837951660156,125.67857360839844,12.888221740722656,135.8000030517578,12.855522155761719,5.037269592285156,126.0,12.112220764160156,5.102953910827637
-0.16421173512935638,0.22051291167736053,130.75,10.566703796386719,125.67857360839844,12.888221740722656,124.33333587646484,12.836227416992188,5.098262310028076,126.875,11.954681396484375,5.060728073120117
-0.2533552646636963,0.26273879408836365,158.2083282470703,10.3140869140625,139.625,13.235008239746094,123.70833587646484,12.621383666992188,5.074803352355957,134.10000610351562,12.185111999511719,5.074803352355957
-0.2580470144748688,0.17828702926635742,150.2142791748047,10.055747985839844,143.4583282470703,12.94427490234375,147.3000030517578,12.618202209472656,5.102953910827637,110.125,11.930191040039062,5.060728073120117
-0.12198586016893387,0.10791057348251343,148.0357208251953,10.139694213867188,142.5,13.035133361816406,104.625,13.074592590332031,5.041961193084717,108.20833587646484,12.106254577636719,5.084187030792236
-0.060992930084466934,-0.028150584548711777,142.89285278320312,10.410316467285156,104.42857360839844,1.8469467163085938,149.5,12.674674987792969,5.1076459884643555,94.20833587646484,12.696250915527344,5.065420150756836
-0.060992930084466934,0.272122323513031,136.07142639160156,10.699043273925781,131.3333282470703,13.071113586425781,149.5,12.674674987792969,5.1076459884643555,111.6500015258789,12.407920837402344,5.084187030792236
-0.26743054389953613,0.26273879408836365,123.35713958740234,10.713302612304688,120.25,13.144775390625,119.375,12.879203796386719,5.074803352355957,111.6500015258789,12.407920837402344,5.084187030792236
-0.2533552646636963,0.17359526455402374,159.0416717529297,10.594131469726562,139.0,13.463630676269531,121.54166412353516,12.8221435546875,5.074803352355957,140.25,12.158134460449219,5.065420150756836
-0.14075292646884918,0.17359526455402374,153.5357208251953,10.216926574707031,143.75,13.324798583984375,121.54166412353516,12.8221435546875,5.074803352355957,105.16666412353516,12.31866455078125,5.051344871520996
-0.16890349984169006,0.14075292646884918,155.60714721679688,10.103561401367188,109.75,13.215827941894531,115.80000305175781,13.093070983886719,5.079495429992676,136.8000030517578,12.31048583984375,5.084187030792236
-0.18767055869102478,0.17359526455402374,158.92857360839844,9.540725708007812,128.6666717529297,13.183494567871094,132.0,13.036178588867188,5.056036472320557,112.58333587646484,12.307098388671875,5.060728073120117
-0.21582114696502686,0.17359526455402374,158.9642791748047,9.855644226074219,116.125,13.448516845703125,122.0,12.890525817871094,5.065420150756836,116.70833587646484,12.213584899902344,5.046652793884277
-0.2064376175403595,0.2298964411020279,158.14285278320312,9.99200439453125,151.1666717529297,13.192306518554688,110.5,12.563980102539062,5.079495429992676,99.875,12.450714111328125,5.098262310028076
-0.20174585282802582,0.24866348505020142,156.82142639160156,9.790847778320312,142.9583282470703,12.903312683105469,119.0,12.948944091796875,5.093570709228516,147.6999969482422,12.104530334472656,5.074803352355957
-0.19236232340335846,0.12198586016893387,125.5625,10.060447692871094,130.7916717529297,13.184234619140625,119.0,12.948944091796875,5.093570709228516,147.6999969482422,12.104530334472656,5.074803352355957
-0.10791057348251343,0.14544467628002167,130.40625,9.850326538085938,146.7916717529297,12.942390441894531,116.125,12.437164306640625,5.065420150756836,153.39999389648438,12.010185241699219,5.084187030792236
-0.10791057348251343,0.14544467628002167,155.92857360839844,9.914268493652344,107.375,13.345466613769531,149.25,13.073654174804688,5.1076459884643555,103.66666412353516,10.914886474609375,5.084187030792236
-0.10791057348251343,0.16890349984169006,121.89286041259766,10.629615783691406,171.1999969482422,13.032058715820312,119.91666412353516,12.738716125488281,5.074803352355957,135.14999389648438,12.333778381347656,5.060728073120117
-0.272122323513031,0.16421173512935638,144.2916717529297,10.811424255371094,124.66666412353516,13.288299560546875,150.0,12.6236572265625,5.079495429992676,135.14999389648438,12.333778381347656,5.060728073120117
-0.272122323513031,0.16421173512935638,144.2916717529297,10.811424255371094,130.7916717529297,13.18756103515625,148.4499969482422,12.606918334960938,5.121721267700195,129.2083282470703,11.923835754394531,5.121721267700195
-0.1360611617565155,0.11729410290718079,176.4583282470703,10.301651000976562,130.375,13.378486633300781,136.60000610351562,12.958015441894531,5.0325775146484375,115.80000305175781,12.500091552734375,5.065420150756836
-0.1360611617565155,0.13136939704418182,154.9583282470703,10.557334899902344,140.875,13.151435852050781,148.75,12.617439270019531,5.112337589263916,141.9499969482422,12.296646118164062,5.102953910827637
-0.21582114696502686,0.23927995562553406,126.9375,10.190177917480469,140.875,13.151435852050781,103.25,12.793708801269531,5.102953910827637,124.125,12.041374206542969,5.074803352355957
-0.15013644099235535,0.1360611617565155,143.67857360839844,10.31634521484375,124.1500015258789,12.862838745117188,103.25,12.793708801269531,5.102953910827637,127.33333587646484,12.247627258300781,5.117029190063477
-0.17828702926635742,0.2252046763896942,131.59375,10.115806579589844,102.40625,13.029838562011719,132.89999389648438,12.971343994140625,5.046652793884277,103.95833587646484,12.369354248046875,5.051344871520996
-0.17828702926635742,0.14544467628002167,114.78125,10.545951843261719,122.85713958740234,13.060417175292969,128.60000610351562,12.886123657226562,5.088878631591797,106.25,12.184730529785156,5.046652793884277
-0.2064376175403595,0.14544467628002167,114.78125,10.545951843261719,104.71428680419922,13.274757385253906,128.60000610351562,12.886123657226562,5.088878631591797,121.94999694824219,12.335227966308594,5.084187030792236
-0.19236232340335846,0.12667763233184814,146.7142791748047,10.168342590332031,138.5,13.075798034667969,128.60000610351562,12.886123657226562,5.088878631591797,121.94999694824219,12.335227966308594,5.084187030792236
-0.13136939704418182,0.12667763233184814,146.7142791748047,10.168342590332031,122.85713958740234,12.952827453613281,149.35000610351562,12.676933288574219,5.060728073120117,135.89999389648438,12.082305908203125,5.046652793884277
-0.2533552646636963,0.2533552646636963,137.0357208251953,10.109397888183594,121.21428680419922,13.061759948730469,149.35000610351562,12.676933288574219,5.060728073120117,108.75,12.353691101074219,5.046652793884277
-0.23927995562553406,0.272122323513031,135.65625,9.9365234375,117.66666412353516,13.629653930664062,141.75,12.909111022949219,5.079495429992676,141.75,12.075721740722656,5.0701117515563965
-0.24866348505020142,0.16421173512935638,133.0,9.734046936035156,127.64286041259766,13.111198425292969,152.5500030517578,12.650382995605469,5.065420150756836,128.8000030517578,12.394676208496094,5.060728073120117
-0.24866348505020142,0.1126023381948471,149.8333282470703,10.4654541015625,127.64286041259766,13.111198425292969,139.0500030517578,12.860015869140625,5.065420150756836,110.19999694824219,11.957923889160156,5.074803352355957
-0.24866348505020142,0.1126023381948471,149.8333282470703,10.4654541015625,127.64286041259766,13.111198425292969,152.85000610351562,12.824470520019531,5.0701117515563965,110.66666412353516,12.377471923828125,5.0325775146484375
-0.16421173512935638,0.12667763233184814,157.39285278320312,9.735023498535156,124.625,12.715858459472656,144.8000030517578,12.62298583984375,5.060728073120117,104.69999694824219,12.345458984375,5.065420150756836
-0.12667763233184814,0.15482820570468903,182.9166717529297,9.901191711425781,140.2916717529297,12.697982788085938,124.9000015258789,13.359237670898438,5.093570709228516,139.4499969482422,11.970977783203125,5.074803352355957
-0.1829787939786911,0.15482820570468903,182.9166717529297,9.901191711425781,132.5833282470703,13.132461547851562,154.5,12.724884033203125,5.046652793884277,153.25,11.979156494140625,5.079495429992676
-0.13136939704418182,0.21112938225269318,149.39285278320312,9.74285888671875,149.4166717529297,13.200599670410156,149.6999969482422,12.647064208984375,5.088878631591797,145.0500030517578,12.219772338867188,5.088878631591797
-0.16421173512935638,0.13136939704418182,117.21428680419922,10.938972473144531,115.5,12.615562438964844,145.5,13.10784912109375,5.056036472320557,113.375,12.132293701171875,5.0325775146484375
-0.17359526455402374,0.17828702926635742,155.4583282470703,10.087814331054688,143.5,13.089767456054688,154.4499969482422,12.704269409179688,5.065420150756836,105.79166412353516,11.807228088378906,5.088878631591797
-0.17359526455402374,0.1829787939786911,156.10714721679688,9.7646484375,143.5,13.089767456054688,147.25,12.625213623046875,5.074803352355957,132.0500030517578,12.212265014648438,5.056036472320557
-0.23458820581436157,0.1829787939786911,118.52777862548828,9.510673522949219,139.8333282470703,12.996635437011719,147.25,12.625213623046875,5.074803352355957,132.0500030517578,12.212265014648438,5.056036472320557
-0.1595199704170227,0.14544467628002167,115.3125,10.737571716308594,157.8000030517578,13.287071228027344,129.4583282470703,12.612403869628906,5.074803352355957,148.9499969482422,11.924102783203125,5.098262310028076
-0.1595199704170227,0.10321880877017975,159.82142639160156,9.699630737304688,105.41666412353516,9.591049194335938,147.35000610351562,12.659271240234375,5.074803352355957,144.64999389648438,12.063491821289062,5.098262310028076
-0.1595199704170227,0.09383527934551239,154.25,9.860725402832031,140.3333282470703,13.188652038574219,148.35000610351562,12.602035522460938,5.074803352355957,113.08333587646484,12.20086669921875,5.056036472320557
-0.1595199704170227,0.08445174992084503,154.9583282470703,10.631546020507812,140.3333282470703,13.188652038574219,158.75,12.3316650390625,5.074803352355957,134.8000030517578,12.002967834472656,5.056036472320557
-0.1126023381948471,0.14075292646884918,159.25,10.326866149902344,143.25,12.978797912597656,155.25,12.522834777832031,5.088878631591797,162.5625,12.187225341796875,5.079495429992676
-0.15482820570468903,0.16890349984169006,166.6666717529297,10.306327819824219,142.8333282470703,12.943939208984375,128.75,12.489112854003906,5.056036472320557,105.4000015258789,12.23291015625,5.112337589263916
-0.1595199704170227,0.16890349984169006,166.6666717529297,10.306327819824219,113.65625,12.777809143066406,146.25,12.74334716796875,5.056036472320557,105.4000015258789,12.23291015625,5.112337589263916
-0.1595199704170227,0.1595199704170227,135.4375,9.924331665039062,113.65625,12.777809143066406,124.125,12.764930725097656,5.056036472320557,150.4499969482422,11.980903625488281,5.074803352355957
-0.21582114696502686,0.2252046763896942,180.2916717529297,9.852027893066406,118.67857360839844,12.833381652832031,136.60000610351562,13.030448913574219,5.056036472320557,148.5,12.114730834960938,5.060728073120117
-0.21582114696502686,0.1595199704170227,158.9583282470703,10.531646728515625,118.67857360839844,12.833381652832031,98.0,13.008018493652344,5.102953910827637,148.5,12.114730834960938,5.060728073120117
-0.17359526455402374,0.3143481910228729,120.5,10.6956787109375,100.8125,13.212471008300781,125.83333587646484,12.952011108398438,5.102953910827637,90.75,12.385177612304688,5.135796546936035
-0.23927995562553406,0.3143481910228729,149.9642791748047,10.157402038574219,111.03571319580078,13.341766357421875,153.9499969482422,9.961524963378906,5.060728073120117,130.75,12.234024047851562,5.056036472320557
-0.1829787939786911,0.2298964411020279,137.5357208251953,10.52008056640625,126.41666412353516,13.310722351074219,153.9499969482422,9.961524963378906,5.060728073120117,130.75,12.234024047851562,5.056036472320557
-0.1829787939786911,0.18767055869102478,147.07142639160156,10.206787109375,126.41666412353516,13.310722351074219,126.5,13.030693054199219,5.060728073120117,149.5,11.990493774414062,5.112337589263916
-0.10791057348251343,0.18767055869102478,112.75,10.436805725097656,142.8333282470703,12.727928161621094,116.29166412353516,12.862892150878906,5.088878631591797,149.5500030517578,11.759811401367188,5.084187030792236
-0.24397172033786774,0.19705408811569214,132.78125,10.16986083984375,146.7083282470703,12.91229248046875,137.60000610351562,12.908927917480469,5.056036472320557,151.6999969482422,11.901527404785156,5.079495429992676
-0.21582114696502686,0.19705408811569214,153.42857360839844,10.04071044921875,123.89286041259766,13.506050109863281,125.45833587646484,12.705146789550781,5.060728073120117,147.35000610351562,11.967147827148438,5.074803352355957
-0.2064376175403595,0.12667763233184814,156.64285278320312,9.923393249511719,120.42857360839844,12.885108947753906,125.45833587646484,12.705146789550781,5.060728073120117,146.0500030517578,11.843307495117188,5.041961193084717
-0.12198586016893387,0.12667763233184814,153.57142639160156,10.129112243652344,113.21428680419922,12.706710815429688,91.66666412353516,13.394287109375,5.079495429992676,102.16666412353516,12.214202880859375,5.084187030792236
-0.16890349984169006,0.1126023381948471,141.92857360839844,10.57501220703125,101.90625,13.073501586914062,142.75,12.886734008789062,5.041961193084717,118.25,11.991600036621094,5.051344871520996
-0.16890349984169006,0.2533552646636963,115.57142639160156,10.81011962890625,101.90625,13.073501586914062,117.45833587646484,12.897895812988281,5.074803352355957,118.25,11.991600036621094,5.051344871520996
-0.23458820581436157,0.19236232340335846,134.82142639160156,10.561119079589844,153.375,10.044288635253906,134.9499969482422,13.006324768066406,5.041961193084717,107.70833587646484,12.243988037109375,5.065420150756836
-0.23458820581436157,0.2768140733242035,133.7083282470703,10.771888732910156,125.82142639160156,13.149620056152344,134.9499969482422,13.006324768066406,5.041961193084717,148.6999969482422,11.985992431640625,5.060728073120117
-0.1595199704170227,0.14544467628002167,142.75,10.466545104980469,122.25,13.400726318359375,145.64999389648438,12.791641235351562,5.098262310028076,114.91666412353516,11.870559692382812,5.065420150756836
-0.19236232340335846,0.19236232340335846,175.7083282470703,10.2523193359375,117.0,13.330146789550781,121.41666412353516,12.95599365234375,5.0701117515563965,154.5,12.119522094726562,5.051344871520996
-0.19236232340335846,0.07975998520851135,140.42857360839844,10.594276428222656,164.5,12.796890258789062,117.83333587646484,12.709770202636719,5.079495429992676,138.0500030517578,12.111061096191406,5.074803352355957
-0.08445174992084503,0.1360611617565155,160.875,10.687393188476562,110.32142639160156,13.513175964355469,147.6999969482422,12.822807312011719,5.074803352355957,129.7083282470703,12.098411560058594,5.041961193084717
-0.1360611617565155,0.16421173512935638,150.35714721679688,9.839500427246094,134.875,13.436622619628906,123.75,12.700408935546875,5.084187030792236,152.8000030517578,12.033050537109375,5.098262310028076
-0.1360611617565155,0.15013644099235535,145.92857360839844,10.453933715820312,134.875,13.436622619628906,100.91666412353516,13.242996215820312,5.102953910827637,104.75,12.278007507324219,5.093570709228516
-0.2768140733242035,0.15013644099235535,117.41666412353516,9.543052673339844,130.75,13.155616760253906,100.91666412353516,13.242996215820312,5.102953910827637,104.75,12.278007507324219,5.093570709228516
-0.2768140733242035,0.2768140733242035,148.5,10.493911743164062,130.75,13.155616760253906,100.91666412353516,13.242996215820312,5.102953910827637,127.05000305175781,12.477333068847656,5.098262310028076
-0.23927995562553406,0.20174585282802582,132.57142639160156,10.552886962890625,119.07142639160156,12.864875793457031,108.54166412353516,13.222175598144531,5.0701117515563965,125.29166412353516,11.866065979003906,5.098262310028076
-0.21112938225269318,0.2533552646636963,132.5357208251953,10.567596435546875,140.875,13.136253356933594,108.54166412353516,13.222175598144531,5.0701117515563965,113.79166412353516,11.809745788574219,5.098262310028076
-0.21112938225269318,0.2533552646636963,171.9166717529297,10.219467163085938,140.875,13.136253356933594,128.875,12.903671264648438,5.135796546936035,118.16666412353516,11.973617553710938,5.093570709228516
-0.15482820570468903,0.16890349984169006,114.25,10.756294250488281,146.9166717529297,13.063308715820312,112.54166412353516,12.648818969726562,5.074803352355957,128.1666717529297,11.988258361816406,5.0701117515563965
-0.21582114696502686,0.1595199704170227,154.9166717529297,10.437858581542969,152.7083282470703,13.126564025878906,87.08333587646484,13.176155090332031,5.079495429992676,107.0,12.068008422851562,5.093570709228516
-0.1595199704170227,0.1595199704170227,154.9166717529297,10.437858581542969,140.3333282470703,12.990264892578125,138.0,12.569358825683594,5.098262310028076,143.0,11.686965942382812,5.074803352355957
-0.1595199704170227,0.19236232340335846,130.71875,10.321479797363281,149.0,13.002197265625,153.5500030517578,12.638404846191406,5.065420150756836,143.0,11.686965942382812,5.074803352355957
-0.18767055869102478,0.2064376175403595,135.10714721679688,10.8590087890625,145.4166717529297,13.264579772949219,158.9499969482422,12.825363159179688,5.093570709228516,137.9375,12.321762084960938,5.084187030792236
-0.11729410290718079,0.12667763233184814,146.625,10.497283935546875,114.28125,13.069023132324219,141.5,13.074607849121094,5.065420150756836,147.89999389648438,11.898353576660156,5.098262310028076
-0.10321880877017975,0.12198586016893387,158.2916717529297,10.383552551269531,145.625,13.144660949707031,113.04166412353516,13.126022338867188,5.046652793884277,144.8000030517578,11.992813110351562,5.041961193084717
-0.2064376175403595,0.19705408811569214,132.40625,10.141899108886719,131.5416717529297,13.258888244628906,115.125,12.824851989746094,5.060728073120117,111.20833587646484,11.963401794433594,5.046652793884277
-0.15482820570468903,0.2298964411020279,152.35714721679688,10.325363159179688,123.85713958740234,13.312225341796875,114.5,13.001419067382812,5.0701117515563965,107.0,12.1690673828125,5.060728073120117
-0.15482820570468903,0.23458820581436157,133.10714721679688,10.898490905761719,129.875,13.304100036621094,114.5,13.001419067382812,5.0701117515563965,104.58333587646484,11.95513916015625,5.065420150756836
-0.15482820570468903,0.19236232340335846,142.07142639160156,10.200912475585938,129.875,13.304100036621094,140.5,13.020126342773438,5.041961193084717,111.625,12.129302978515625,5.027885913848877
-0.1829787939786911,0.18767055869102478,150.7857208251953,10.124862670898438,139.875,13.269569396972656,142.60000610351562,12.818862915039062,5.051344871520996,130.8333282470703,11.860923767089844,5.046652793884277
-0.21582114696502686,0.24397172033786774,179.4166717529297,9.635414123535156,126.64286041259766,13.455032348632812,107.41666412353516,12.900672912597656,5.088878631591797,123.66666412353516,11.972969055175781,5.117029190063477
-0.21582114696502686,0.15013644099235535,142.89285278320312,10.126480102539062,143.3333282470703,12.964607238769531,117.04166412353516,12.868186950683594,5.112337589263916,92.33333587646484,11.940818786621094,5.093570709228516
-0.1595199704170227,0.14544467628002167,173.1666717529297,10.404006958007812,132.6666717529297,12.910629272460938,152.75,12.649787902832031,5.0701117515563965,121.95833587646484,11.696975708007812,5.074803352355957
-0.1595199704170227,0.15482820570468903,132.17857360839844,10.337158203125,115.78571319580078,13.159393310546875,134.3000030517578,13.169349670410156,5.112337589263916,137.39999389648438,12.157867431640625,5.060728073120117
-0.12667763233184814,0.17359526455402374,129.84375,10.4150390625,120.64286041259766,12.98822021484375,130.2083282470703,12.847923278808594,5.074803352355957,137.39999389648438,12.157867431640625,5.060728073120117
-0.12667763233184814,0.12667763233184814,153.3333282470703,10.534271240234375,120.64286041259766,12.98822021484375,150.5,12.766090393066406,5.102953910827637,85.41666412353516,12.311683654785156,5.098262310028076
-0.09383527934551239,0.12198586016893387,155.7142791748047,9.97650146484375,123.5,13.036674499511719,126.33333587646484,12.707237243652344,5.088878631591797,151.6999969482422,12.034866333007812,5.098262310028076
-0.1595199704170227,0.14544467628002167,105.0,10.650459289550781,140.25,13.182289123535156,126.33333587646484,12.707237243652344,5.088878631591797,147.5500030517578,11.869300842285156,5.079495429992676
-0.12667763233184814,0.14075292646884918,151.64285278320312,10.149482727050781,122.39286041259766,12.985000610351562,155.4499969482422,12.798095703125,5.056036472320557,147.5500030517578,11.869300842285156,5.079495429992676
-0.15482820570468903,0.08445174992084503,153.5,10.131690979003906,91.71875,13.182395935058594,155.5500030517578,12.313308715820312,5.084187030792236,139.85000610351562,11.899734497070312,5.074803352355957
-0.15482820570468903,0.19705408811569214,173.625,10.095726013183594,126.5,12.789054870605469,96.91666412353516,13.2490234375,5.046652793884277,146.89999389648438,11.971366882324219,5.074803352355957
-0.1829787939786911,0.19705408811569214,173.625,10.095726013183594,146.7083282470703,12.956947326660156,115.66666412353516,12.971923828125,5.060728073120117,92.5,11.925544738769531,5.084187030792236
-0.10321880877017975,0.19705408811569214,153.85714721679688,10.290199279785156,131.4166717529297,13.128219604492188,83.64286041259766,12.7774658203125,5.088878631591797,140.4499969482422,12.00897216796875,5.079495429992676
-0.16421173512935638,0.22051291167736053,170.875,10.527267456054688,152.5833282470703,10.305641174316406,107.55000305175781,13.352729797363281,5.088878631591797,140.4499969482422,12.00897216796875,5.079495429992676
-0.19705408811569214,0.10791057348251343,154.89285278320312,10.416236877441406,109.71428680419922,13.07720947265625,107.55000305175781,13.352729797363281,5.088878631591797,147.1999969482422,12.047554016113281,5.079495429992676
-0.2064376175403595,0.2064376175403595,135.875,10.795059204101562,118.96428680419922,13.113052368164062,137.35000610351562,12.939788818359375,5.060728073120117,108.66666412353516,12.305351257324219,5.046652793884277
-0.2064376175403595,0.07975998520851135,170.6666717529297,10.444122314453125,126.82142639160156,13.066322326660156,135.75,12.924766540527344,5.046652793884277,125.4000015258789,11.944541931152344,5.0325775146484375
-0.2064376175403595,0.07975998520851135,170.6666717529297,10.444122314453125,25.399999618530273,28.73448944091797,147.14999389648438,12.644035339355469,5.065420150756836,100.54166412353516,12.123046875,5.051344871520996
-0.2064376175403595,0.21582114696502686,173.4166717529297,9.816787719726562,153.5416717529297,12.959060668945312,147.14999389648438,12.644035339355469,5.065420150756836,128.8333282470703,12.003837585449219,5.098262310028076
-0.21112938225269318,0.21112938225269318,150.17857360839844,10.308235168457031,117.89286041259766,13.102088928222656,150.875,13.207221984863281,5.065420150756836,147.25,12.295112609863281,5.112337589263916
-0.14544467628002167,0.1595199704170227,179.6666717529297,9.98028564453125,150.9583282470703,13.212066650390625,131.0416717529297,12.664215087890625,5.112337589263916,149.9499969482422,11.971481323242188,5.117029190063477
-0.14544467628002167,0.17359526455402374,123.09375,10.185104370117188,101.67857360839844,12.579277038574219,200.125,12.73883056640625,5.0701117515563965,107.54166412353516,12.212158203125,5.037269592285156
-0.14544467628002167,0.004691763781011105,144.10714721679688,10.431892395019531,123.67857360839844,9.494186401367188,130.8333282470703,12.582626342773438,5.084187030792236,125.3499984741211,12.162887573242188,5.041961193084717
-0.07506822049617767,0.1360611617565155,167.5416717529297,10.279579162597656,130.9583282470703,12.916122436523438,132.4499969482422,13.219635009765625,5.098262310028076,125.91666412353516,11.9759521484375,5.117029190063477
-0.15482820570468903,0.1360611617565155,167.5416717529297,10.279579162597656,129.2142791748047,13.049713134765625,122.25,12.795463562011719,5.060728073120117,121.20833587646484,12.242195129394531,5.079495429992676
-0.15482820570468903,0.1360611617565155,174.5416717529297,9.983924865722656,129.2142791748047,13.049713134765625,146.5,12.930587768554688,5.084187030792236,143.10000610351562,11.982955932617188,5.102953910827637
-0.23458820581436157,0.24866348505020142,150.2142791748047,10.319198608398438,101.15625,12.686927795410156,160.89999389648438,10.533599853515625,5.079495429992676,124.29166412353516,12.102012634277344,5.084187030792236
-0.20174585282802582,0.14544467628002167,139.82142639160156,10.645896911621094,111.5,13.097427368164062,97.20833587646484,13.226081848144531,5.1076459884643555,132.0500030517578,11.969718933105469,5.0701117515563965
-0.20174585282802582,0.14544467628002167,171.6666717529297,10.363716125488281,111.5,13.097427368164062,116.375,13.008308410644531,5.027885913848877,103.5,12.426467895507812,5.065420150756836
-0.2298964411020279,0.14544467628002167,171.6666717529297,10.363716125488281,107.125,12.984848022460938,134.85000610351562,13.065635681152344,5.093570709228516,147.0,12.009223937988281,5.065420150756836
-0.18767055869102478,0.22051291167736053,120.57142639160156,10.618339538574219,146.625,13.207160949707031,126.29166412353516,12.884963989257812,5.0701117515563965,105.4000015258789,6.869514465332031,5.065420150756836
-0.21112938225269318,0.2298964411020279,148.07142639160156,10.160537719726562,136.625,13.004798889160156,144.75,13.2294921875,5.046652793884277,94.16666412353516,12.490028381347656,5.065420150756836
-0.18767055869102478,0.19705408811569214,179.8333282470703,10.221336364746094,170.6999969482422,13.411231994628906,108.3499984741211,13.015663146972656,5.112337589263916,138.1999969482422,12.241218566894531,5.102953910827637
-0.09852704405784607,0.1360611617565155,154.2857208251953,10.016159057617188,121.39286041259766,13.431854248046875,123.375,12.956581115722656,5.084187030792236,133.0500030517578,12.525680541992188,5.098262310028076
-0.09383527934551239,0.09383527934551239,119.65625,10.393470764160156,136.6666717529297,12.852119445800781,126.5,12.850364685058594,5.056036472320557,108.0,12.153305053710938,5.056036472320557
-0.1595199704170227,0.09383527934551239,143.3333282470703,10.759689331054688,139.7916717529297,13.090187072753906,126.5,12.850364685058594,5.056036472320557,147.5,11.948715209960938,5.0701117515563965
-0.06568469852209091,0.09383527934551239,143.3333282470703,10.759689331054688,134.4166717529297,13.2003173828125,155.9499969482422,12.717002868652344,5.112337589263916,99.20833587646484,12.242401123046875,5.1076459884643555
-0.06568469852209091,0.14075292646884918,196.64999389648438,10.425209045410156,134.4166717529297,13.2003173828125,147.5,12.743057250976562,5.074803352355957,147.85000610351562,12.206710815429688,5.088878631591797
-0.22051291167736053,0.19705408811569214,144.39285278320312,10.483070373535156,122.03571319580078,13.038681030273438,130.9166717529297,12.841278076171875,5.093570709228516,137.5,12.263992309570312,5.065420150756836
-0.22051291167736053,0.19705408811569214,144.39285278320312,10.483070373535156,122.03571319580078,13.038681030273438,116.95833587646484,13.019195556640625,5.074803352355957,137.5,12.263992309570312,5.065420150756836
-0.22051291167736053,0.14544467628002167,173.875,10.645172119140625,123.5,13.421638488769531,142.8000030517578,12.855674743652344,5.046652793884277,144.64999389648438,11.893798828125,5.065420150756836
-0.07037646323442459,0.08914351463317871,126.32142639160156,10.363296508789062,160.35000610351562,12.988845825195312,102.20833587646484,13.179405212402344,5.0701117515563965,110.08333587646484,12.149177551269531,5.060728073120117
-0.07037646323442459,0.08914351463317871,150.75,10.30279541015625,127.16666412353516,13.178260803222656,102.20833587646484,13.179405212402344,5.0701117515563965,143.85000610351562,12.007240295410156,5.074803352355957
-0.07037646323442459,0.08914351463317871,166.5833282470703,10.38232421875,127.16666412353516,13.178260803222656,102.20833587646484,13.179405212402344,5.0701117515563965,143.85000610351562,12.007240295410156,5.074803352355957
-0.2064376175403595,0.08914351463317871,149.35714721679688,10.197471618652344,133.5416717529297,13.379539489746094,145.6999969482422,13.086448669433594,5.046652793884277,121.70833587646484,12.321578979492188,5.084187030792236
-0.2064376175403595,0.21112938225269318,196.85000610351562,9.161773681640625,133.5416717529297,13.379539489746094,151.89999389648438,12.867942810058594,5.079495429992676,121.70833587646484,12.321578979492188,5.084187030792236
-0.19236232340335846,0.21112938225269318,130.84375,10.222938537597656,129.75,13.1009521484375,112.41666412353516,13.041328430175781,5.027885913848877,142.8000030517578,12.001136779785156,5.084187030792236
-0.19236232340335846,0.19705408811569214,174.7916717529297,9.579902648925781,129.75,13.1009521484375,128.2083282470703,12.840217590332031,5.088878631591797,181.5625,12.102027893066406,5.046652793884277
-0.09852704405784607,0.07506822049617767,140.14285278320312,10.440696716308594,129.7142791748047,12.966064453125,137.0500030517578,13.015708923339844,5.060728073120117,114.44999694824219,12.417274475097656,5.051344871520996
-0.051609404385089874,0.07506822049617767,140.14285278320312,10.440696716308594,170.89999389648438,13.04302978515625,120.6500015258789,13.043655395507812,5.098262310028076,176.9375,12.382720947265625,5.112337589263916
-0.17359526455402374,0.07506822049617767,140.14285278320312,10.440696716308594,127.82142639160156,10.637947082519531,142.75,12.93560791015625,5.102953910827637,149.8000030517578,11.942909240722656,5.131104469299316
-0.17359526455402374,0.16421173512935638,152.82142639160156,10.376930236816406,127.82142639160156,10.637947082519531,124.79166412353516,12.84912109375,5.093570709228516,126.30000305175781,11.92059326171875,5.079495429992676
-0.17359526455402374,0.07975998520851135,142.85714721679688,10.578125,124.33333587646484,12.883804321289062,143.60000610351562,12.851348876953125,5.088878631591797,141.85000610351562,12.367347717285156,5.074803352355957
-0.08445174992084503,0.10791057348251343,133.3125,10.184532165527344,130.2083282470703,12.827644348144531,149.10000610351562,12.926139831542969,5.065420150756836,139.60000610351562,12.125099182128906,5.065420150756836
-0.12667763233184814,0.10791057348251343,151.6666717529297,10.451454162597656,141.0416717529297,13.455307006835938,157.85000610351562,12.810707092285156,5.093570709228516,155.39999389648438,12.114395141601562,5.079495429992676
-0.08445174992084503,0.10791057348251343,151.6666717529297,10.451454162597656,144.875,13.147468566894531,130.64999389648438,13.040023803710938,5.046652793884277,128.64999389648438,12.235313415527344,5.074803352355957
-0.16421173512935638,0.1360611617565155,157.9166717529297,10.822090148925781,143.0833282470703,13.2486572265625,121.5,12.952972412109375,5.102953910827637,127.375,11.90167236328125,5.098262310028076
-0.13136939704418182,0.1360611617565155,157.9166717529297,10.822090148925781,111.07142639160156,13.222808837890625,139.0,12.924125671386719,5.0701117515563965,147.0500030517578,12.100822448730469,5.065420150756836
-0.10321880877017975,0.10791057348251343,140.7857208251953,10.461044311523438,124.07142639160156,13.197998046875,142.4499969482422,11.858322143554688,5.084187030792236,87.83333587646484,12.084983825683594,5.121721267700195
-0.12198586016893387,0.10321880877017975,145.0,9.966140747070312,133.1666717529297,12.934394836425781,141.3000030517578,12.94549560546875,5.1076459884643555,87.83333587646484,12.084983825683594,5.121721267700195
-0.15482820570468903,0.15013644099235535,94.55555725097656,10.769821166992188,129.60714721679688,13.4085693359375,142.0,13.138847351074219,5.046652793884277,122.54166412353516,12.249122619628906,5.0701117515563965
-0.17828702926635742,0.17359526455402374,112.30555725097656,10.045257568359375,103.0625,13.07208251953125,158.4499969482422,12.61907958984375,5.1076459884643555,152.8000030517578,12.281875610351562,5.056036472320557
-0.13136939704418182,0.1595199704170227,171.2083282470703,9.844818115234375,151.3333282470703,13.050277709960938,114.58333587646484,12.668785095214844,5.117029190063477,84.83333587646484,12.335762023925781,5.117029190063477
-0.14544467628002167,0.1595199704170227,136.60714721679688,10.493667602539062,113.21428680419922,13.398460388183594,112.0,13.092216491699219,5.084187030792236,131.5,12.379035949707031,5.0701117515563965
-0.15013644099235535,0.15482820570468903,170.75,10.581390380859375,113.82142639160156,13.248588562011719,116.20833587646484,12.726234436035156,5.102953910827637,96.69999694824219,12.51385498046875,5.1076459884643555
-0.15013644099235535,0.14075292646884918,131.5357208251953,10.284454345703125,113.82142639160156,13.248588562011719,140.89999389648438,12.997535705566406,5.1076459884643555,96.69999694824219,12.51385498046875,5.1076459884643555
-0.15013644099235535,0.14075292646884918,141.92857360839844,10.216468811035156,105.75,12.870140075683594,115.79166412353516,13.38092041015625,5.041961193084717,143.6999969482422,12.298599243164062,5.041961193084717
-0.2252046763896942,0.11729410290718079,138.0,10.482192993164062,139.4166717529297,12.993392944335938,148.85000610351562,12.955574035644531,5.051344871520996,120.0,11.978279113769531,5.060728073120117
-0.2298964411020279,0.1829787939786911,143.0357208251953,10.34197998046875,132.2083282470703,13.174247741699219,122.95833587646484,13.02630615234375,5.098262310028076,86.58333587646484,12.4974365234375,5.088878631591797
-0.16890349984169006,0.1829787939786911,167.9166717529297,10.694496154785156,107.92857360839844,13.301429748535156,125.75,12.9810791015625,5.084187030792236,118.83333587646484,12.385162353515625,5.056036472320557
-0.20174585282802582,0.17359526455402374,167.9166717529297,10.694496154785156,118.35713958740234,13.101600646972656,126.66666412353516,12.894195556640625,5.0701117515563965,118.83333587646484,12.385162353515625,5.056036472320557
-0.26273879408836365,0.24866348505020142,169.8333282470703,10.563652038574219,135.8333282470703,13.335968017578125,122.5999984741211,13.362312316894531,5.065420150756836,122.95833587646484,12.232032775878906,5.065420150756836
-0.17828702926635742,0.24866348505020142,135.1875,9.527664184570312,95.5,11.184326171875,159.10000610351562,12.700515747070312,5.098262310028076,147.85000610351562,12.204483032226562,5.084187030792236
-0.05630116909742355,0.11729410290718079,142.07142639160156,10.474960327148438,148.4583282470703,13.001205444335938,159.10000610351562,12.700515747070312,5.098262310028076,145.6999969482422,11.914909362792969,5.065420150756836
-0.05630116909742355,0.11729410290718079,142.07142639160156,10.474960327148438,137.5416717529297,12.961662292480469,114.66666412353516,13.030174255371094,5.046652793884277,145.6999969482422,11.914909362792969,5.065420150756836
-0.1595199704170227,0.16421173512935638,148.17857360839844,10.385505676269531,127.42857360839844,13.1126708984375,114.66666412353516,13.030174255371094,5.046652793884277,103.80000305175781,12.396278381347656,5.121721267700195
-0.1595199704170227,0.17359526455402374,151.92857360839844,10.044342041015625,127.42857360839844,13.1126708984375,146.85000610351562,12.967323303222656,5.112337589263916,115.08333587646484,12.114501953125,5.051344871520996
-0.1595199704170227,0.17359526455402374,151.92857360839844,10.044342041015625,122.25,13.342819213867188,115.5,13.162773132324219,5.060728073120117,114.375,12.058876037597656,5.0701117515563965
-0.19705408811569214,0.10791057348251343,181.5416717529297,9.812767028808594,135.2083282470703,13.071266174316406,129.75,12.823883056640625,5.060728073120117,123.0,12.477577209472656,5.056036472320557
-0.19705408811569214,0.22051291167736053,154.5,9.898063659667969,130.5416717529297,12.680343627929688,134.75,12.872222900390625,5.079495429992676,88.625,12.269477844238281,5.037269592285156
-0.17828702926635742,0.2064376175403595,150.0357208251953,10.474205017089844,148.2916717529297,13.151283264160156,137.5,13.258705139160156,5.056036472320557,121.125,12.207603454589844,5.065420150756836
-0.17828702926635742,0.15013644099235535,123.71428680419922,10.699546813964844,122.0,13.113136291503906,128.625,12.744789123535156,5.041961193084717,114.04166412353516,12.557594299316406,5.037269592285156
-0.14075292646884918,0.14075292646884918,162.7916717529297,10.400184631347656,116.28571319580078,12.816680908203125,128.625,12.744789123535156,5.041961193084717,114.04166412353516,12.557594299316406,5.037269592285156
-0.14075292646884918,0.14544467628002167,129.53125,10.497726440429688,116.28571319580078,12.816680908203125,130.875,12.662750244140625,5.084187030792236,125.19999694824219,12.410491943359375,5.060728073120117
-0.14075292646884918,0.06568469852209091,139.32142639160156,10.254264831542969,124.625,12.865814208984375,136.0500030517578,12.42584228515625,5.0325775146484375,142.0,12.280372619628906,5.056036472320557
-0.09852704405784607,0.21582114696502686,148.7857208251953,10.559310913085938,126.91666412353516,13.279518127441406,146.10000610351562,12.769546508789062,5.065420150756836,148.64999389648438,12.1649169921875,5.037269592285156
-0.09852704405784607,0.21582114696502686,164.35714721679688,9.457374572753906,126.91666412353516,13.279518127441406,133.64999389648438,13.186004638671875,5.051344871520996,119.95833587646484,11.637557983398438,5.102953910827637
-0.09852704405784607,0.21582114696502686,114.03571319580078,10.978286743164062,126.91666412353516,13.279518127441406,133.64999389648438,13.186004638671875,5.051344871520996,110.41666412353516,12.212417602539062,5.041961193084717
-0.09852704405784607,0.20174585282802582,157.14285278320312,10.045387268066406,143.4583282470703,13.48974609375,114.66666412353516,12.913398742675781,5.060728073120117,110.41666412353516,12.212417602539062,5.041961193084717
-0.17828702926635742,0.19705408811569214,142.7857208251953,10.386634826660156,137.625,12.697593688964844,147.4499969482422,12.868110656738281,5.079495429992676,125.83333587646484,12.127235412597656,5.093570709228516
-0.17828702926635742,0.17359526455402374,147.7857208251953,10.153907775878906,137.625,12.697593688964844,135.14999389648438,13.06500244140625,5.079495429992676,150.0500030517578,11.848548889160156,5.074803352355957
-0.2252046763896942,0.17359526455402374,147.7857208251953,10.153907775878906,141.3333282470703,12.842819213867188,135.14999389648438,13.06500244140625,5.079495429992676,150.0500030517578,11.848548889160156,5.074803352355957
-0.12198586016893387,0.12667763233184814,152.2857208251953,10.222755432128906,141.875,13.29840087890625,121.6875,11.200950622558594,5.074803352355957,124.16666412353516,12.076690673828125,5.079495429992676
-0.11729410290718079,0.12667763233184814,168.625,10.481910705566406,117.78571319580078,12.988800048828125,115.54166412353516,12.890716552734375,5.079495429992676,124.16666412353516,12.076690673828125,5.079495429992676
-0.11729410290718079,0.14075292646884918,152.75,9.809989929199219,135.6666717529297,13.369499206542969,147.39999389648438,12.899551391601562,5.079495429992676,119.79166412353516,11.7283935546875,5.065420150756836
-0.21112938225269318,0.17359526455402374,159.7083282470703,10.314971923828125,140.2083282470703,13.280769348144531,141.3000030517578,12.931991577148438,5.098262310028076,120.1500015258789,12.059944152832031,5.0701117515563965
-0.11729410290718079,0.10791057348251343,143.60714721679688,10.309883117675781,108.34375,13.323257446289062,120.30000305175781,12.932197570800781,5.0325775146484375,147.89999389648438,12.27789306640625,5.051344871520996
-0.14075292646884918,0.22051291167736053,114.0625,10.795547485351562,147.5,13.253654479980469,125.875,12.768630981445312,5.084187030792236,103.1500015258789,12.335136413574219,5.0701117515563965
-0.24866348505020142,0.2064376175403595,155.25,9.99114990234375,133.4583282470703,12.906936645507812,112.25,13.048698425292969,5.074803352355957,147.5500030517578,11.786308288574219,5.135796546936035
-0.1829787939786911,0.1595199704170227,133.07142639160156,10.419540405273438,109.10713958740234,13.222381591796875,112.25,13.048698425292969,5.074803352355957,94.25,12.102210998535156,5.117029190063477
-0.20174585282802582,0.2064376175403595,149.4166717529297,10.612983703613281,127.39286041259766,13.242828369140625,112.25,13.048698425292969,5.074803352355957,91.91666412353516,12.345588684082031,5.098262310028076
-0.1126023381948471,0.2064376175403595,149.4166717529297,10.612983703613281,117.92857360839844,12.928932189941406,120.91666412353516,12.599433898925781,5.074803352355957,117.20833587646484,12.057563781738281,5.041961193084717
-0.13136939704418182,0.15013644099235535,112.03125,10.778022766113281,113.96428680419922,13.103515625,144.1999969482422,12.701683044433594,5.1076459884643555,125.83333587646484,11.888504028320312,5.098262310028076
-0.13136939704418182,0.12198586016893387,126.28571319580078,10.953208923339844,151.375,13.498558044433594,144.1999969482422,12.701683044433594,5.1076459884643555,120.25,12.179428100585938,5.084187030792236
-0.13136939704418182,0.16421173512935638,163.5833282470703,10.541831970214844,124.75,13.1781005859375,149.5500030517578,12.818191528320312,5.074803352355957,118.29166412353516,12.045684814453125,5.074803352355957
-0.13136939704418182,0.16421173512935638,136.89285278320312,10.534317016601562,136.4583282470703,13.189254760742188,149.35000610351562,12.851737976074219,5.126412868499756,146.89999389648438,12.014739990234375,5.088878631591797
-0.060992930084466934,0.12198586016893387,145.9642791748047,10.596946716308594,151.625,13.310958862304688,155.0,12.864013671875,5.074803352355957,146.89999389648438,12.014739990234375,5.088878631591797
-0.14075292646884918,0.10791057348251343,113.75,10.818367004394531,126.125,13.335227966308594,104.25,13.153244018554688,5.102953910827637,91.66666412353516,12.20977783203125,5.112337589263916
-0.14075292646884918,0.13136939704418182,163.3333282470703,10.493354797363281,140.5833282470703,13.149444580078125,124.95833587646484,12.744239807128906,5.102953910827637,145.60000610351562,12.334938049316406,5.074803352355957
-0.14544467628002167,0.2064376175403595,145.85714721679688,10.468254089355469,140.9583282470703,13.040946960449219,123.375,12.967178344726562,5.060728073120117,81.29166412353516,12.318824768066406,5.1076459884643555
-0.2252046763896942,0.2064376175403595,145.85714721679688,10.468254089355469,102.875,13.221733093261719,126.80000305175781,13.094863891601562,5.051344871520996,130.25,12.006782531738281,5.065420150756836
-0.16890349984169006,0.19705408811569214,121.625,10.2686767578125,153.25,13.081497192382812,146.39999389648438,12.720672607421875,5.084187030792236,120.54166412353516,11.723335266113281,5.060728073120117
-0.09383527934551239,0.1829787939786911,164.5416717529297,10.363899230957031,101.89286041259766,13.321098327636719,109.05000305175781,13.130455017089844,5.112337589263916,96.75,12.729087829589844,5.112337589263916
-0.09383527934551239,0.1829787939786911,141.2142791748047,10.57489013671875,112.07142639160156,13.272064208984375,130.7083282470703,12.481285095214844,5.098262310028076,100.33333587646484,12.231361389160156,5.098262310028076
-0.09383527934551239,0.16421173512935638,161.5416717529297,10.327491760253906,112.07142639160156,13.272064208984375,99.41666412353516,13.19744873046875,5.102953910827637,89.16666412353516,12.161231994628906,5.112337589263916
-0.09383527934551239,0.16421173512935638,161.5416717529297,10.327491760253906,119.57142639160156,12.960708618164062,142.35000610351562,12.8140869140625,5.117029190063477,127.125,12.241683959960938,5.1076459884643555
-0.09383527934551239,0.16421173512935638,174.9166717529297,10.017791748046875,128.7857208251953,13.237602233886719,142.35000610351562,12.8140869140625,5.117029190063477,158.25,12.388679504394531,5.1076459884643555
-0.09383527934551239,0.16421173512935638,150.4166717529297,10.575187683105469,128.7857208251953,13.237602233886719,113.58333587646484,12.765594482421875,5.117029190063477,158.25,12.388679504394531,5.1076459884643555
-0.16890349984169006,0.16421173512935638,146.75,10.205284118652344,122.17857360839844,13.061065673828125,102.42857360839844,13.070281982421875,5.0701117515563965,123.79166412353516,11.945655822753906,5.046652793884277
-0.15482820570468903,0.1829787939786911,109.11111450195312,10.187995910644531,113.71428680419922,13.237083435058594,102.42857360839844,13.070281982421875,5.0701117515563965,146.8000030517578,11.736602783203125,5.084187030792236
-0.15482820570468903,0.21582114696502686,185.9166717529297,10.017959594726562,113.71428680419922,13.237083435058594,116.79166412353516,12.929946899414062,5.056036472320557,155.4499969482422,11.79608154296875,5.0701117515563965
-0.19236232340335846,0.21582114696502686,177.6666717529297,9.825080871582031,131.1666717529297,13.28955078125,106.375,13.506355285644531,5.060728073120117,123.5,12.40240478515625,5.051344871520996
-0.21582114696502686,0.22051291167736053,148.7142791748047,10.251541137695312,134.625,13.188888549804688,146.10000610351562,10.611328125,5.0325775146484375,148.60000610351562,12.099418640136719,5.046652793884277
-0.21582114696502686,0.2252046763896942,124.25,10.825248718261719,134.625,13.188888549804688,152.85000610351562,12.603080749511719,5.140488147735596,83.0,12.157257080078125,5.0701117515563965
-0.10791057348251343,0.14544467628002167,153.14285278320312,10.308929443359375,145.6666717529297,12.827262878417969,152.85000610351562,12.603080749511719,5.140488147735596,130.35000610351562,12.105316162109375,5.102953910827637
-0.10791057348251343,0.08445174992084503,156.5,10.583076477050781,145.6666717529297,12.827262878417969,125.66666412353516,12.606674194335938,5.121721267700195,130.35000610351562,12.105316162109375,5.102953910827637
-0.12198586016893387,0.21582114696502686,146.64285278320312,10.486091613769531,108.9375,12.916534423828125,132.3333282470703,12.900047302246094,5.088878631591797,98.92857360839844,11.9432373046875,5.074803352355957
-0.12198586016893387,0.21582114696502686,129.5625,10.262336730957031,108.9375,12.916534423828125,125.45833587646484,12.912918090820312,5.074803352355957,109.20833587646484,12.247886657714844,5.074803352355957
-0.046917639672756195,0.17359526455402374,168.4166717529297,10.450492858886719,133.5416717529297,12.85980224609375,125.45833587646484,12.912918090820312,5.074803352355957,78.625,12.499435424804688,5.140488147735596
-0.046917639672756195,0.042225874960422516,174.5833282470703,10.089897155761719,133.5416717529297,12.85980224609375,153.14999389648438,13.095466613769531,5.084187030792236,119.30000305175781,12.4979248046875,5.088878631591797
-0.046917639672756195,0.21112938225269318,172.0416717529297,9.824516296386719,125.58333587646484,13.349571228027344,155.1999969482422,12.854133605957031,5.074803352355957,153.89999389648438,12.088813781738281,5.117029190063477
-0.18767055869102478,0.14544467628002167,160.7142791748047,10.532096862792969,128.7142791748047,13.035316467285156,102.20833587646484,12.965950012207031,5.131104469299316,116.75,12.262184143066406,5.098262310028076
-0.21112938225269318,0.14544467628002167,160.7142791748047,10.532096862792969,147.625,13.217918395996094,119.54166412353516,12.715873718261719,5.079495429992676,116.75,12.262184143066406,5.098262310028076
-0.272122323513031,0.17828702926635742,156.3333282470703,10.644515991210938,117.32142639160156,13.303840637207031,123.08333587646484,12.733024597167969,5.046652793884277,132.35000610351562,12.400230407714844,5.074803352355957
-0.1360611617565155,0.17828702926635742,156.3333282470703,10.644515991210938,145.2083282470703,13.382804870605469,151.10000610351562,13.001319885253906,5.098262310028076,108.69999694824219,12.567367553710938,5.051344871520996
-0.23458820581436157,0.18767055869102478,128.09375,10.346145629882812,130.9583282470703,13.513038635253906,128.5833282470703,12.649871826171875,5.1076459884643555,152.5500030517578,11.972793579101562,5.131104469299316
-0.23458820581436157,0.18767055869102478,128.09375,10.346145629882812,128.75,13.178062438964844,128.5833282470703,12.649871826171875,5.1076459884643555,152.5500030517578,11.972793579101562,5.131104469299316
-0.16890349984169006,0.2064376175403595,130.25,10.827064514160156,140.0,13.109237670898438,154.5500030517578,12.807273864746094,5.1076459884643555,128.2083282470703,12.093101501464844,5.131104469299316
-0.16890349984169006,0.2064376175403595,130.25,10.827064514160156,151.0,13.087516784667969,155.10000610351562,12.733497619628906,5.102953910827637,131.35000610351562,11.605743408203125,5.079495429992676
-0.17359526455402374,0.15482820570468903,168.9166717529297,10.433807373046875,141.3333282470703,13.162864685058594,149.5500030517578,12.807212829589844,5.0701117515563965,118.875,12.340484619140625,5.079495429992676
-0.1595199704170227,0.16890349984169006,153.0357208251953,10.340538024902344,143.1666717529297,13.05462646484375,107.29166412353516,13.027168273925781,5.074803352355957,113.29166412353516,12.194320678710938,5.051344871520996
-0.16890349984169006,0.1595199704170227,153.4642791748047,9.638389587402344,122.25,13.128349304199219,139.8000030517578,13.334030151367188,5.041961193084717,104.41666412353516,12.437477111816406,5.065420150756836
-0.24397172033786774,0.2064376175403595,120.375,10.382911682128906,139.6666717529297,13.171096801757812,155.35000610351562,12.816047668457031,5.074803352355957,120.75,12.209915161132812,5.037269592285156
-0.24397172033786774,0.07975998520851135,151.92857360839844,9.7410888671875,132.4583282470703,12.868949890136719,155.35000610351562,12.816047668457031,5.074803352355957,115.875,12.090240478515625,5.0701117515563965
-0.15482820570468903,0.07975998520851135,151.92857360839844,9.7410888671875,134.9166717529297,12.968574523925781,144.85000610351562,13.260665893554688,5.041961193084717,93.55000305175781,11.561767578125,5.0701117515563965
-0.1595199704170227,0.15482820570468903,171.4583282470703,10.490409851074219,177.89999389648438,10.057411193847656,142.75,13.465156555175781,5.065420150756836,128.8000030517578,12.261787414550781,5.065420150756836
-0.16890349984169006,0.1595199704170227,130.25,10.921516418457031,121.28571319580078,13.244880676269531,138.85000610351562,11.727592468261719,5.046652793884277,124.9000015258789,12.152473449707031,5.051344871520996
-0.21112938225269318,0.28619760274887085,150.35714721679688,10.308395385742188,140.2916717529297,13.108100891113281,149.64999389648438,13.067512512207031,5.060728073120117,119.25,12.2227783203125,5.065420150756836
-0.2252046763896942,0.10321880877017975,159.0357208251953,9.87335205078125,147.4583282470703,13.350105285644531,149.64999389648438,13.067512512207031,5.060728073120117,119.25,12.2227783203125,5.065420150756836
-0.12667763233184814,0.19236232340335846,161.2083282470703,10.157882690429688,101.60713958740234,13.187553405761719,126.8499984741211,13.150665283203125,5.079495429992676,143.39999389648438,12.255706787109375,5.065420150756836
-0.15482820570468903,0.18767055869102478,150.82142639160156,10.296104431152344,139.4166717529297,13.19476318359375,126.8499984741211,13.150665283203125,5.079495429992676,146.39999389648438,12.108024597167969,5.051344871520996
-0.22051291167736053,0.23458820581436157,113.75,11.004623413085938,117.39286041259766,12.9981689453125,115.83333587646484,12.879814147949219,5.056036472320557,146.25,12.158798217773438,5.093570709228516
-0.18767055869102478,0.20174585282802582,161.875,10.564834594726562,146.125,13.335243225097656,119.33333587646484,12.823867797851562,5.0701117515563965,97.75,12.216056823730469,5.051344871520996
-0.21112938225269318,0.16421173512935638,114.47222137451172,10.043434143066406,117.85713958740234,13.095352172851562,124.79166412353516,12.834121704101562,5.079495429992676,124.54166412353516,12.253662109375,5.088878631591797
-0.17359526455402374,0.15013644099235535,122.96875,10.430534362792969,98.25,12.731956481933594,129.0500030517578,13.162025451660156,5.102953910827637,96.75,12.363914489746094,5.102953910827637
-0.17359526455402374,0.15013644099235535,122.96875,10.430534362792969,98.25,12.731956481933594,103.17857360839844,7.631195068359375,5.074803352355957,110.66666412353516,12.2667236328125,5.046652793884277
-0.11729410290718079,0.15013644099235535,144.25,10.342155456542969,142.5833282470703,13.138626098632812,116.33333587646484,12.96026611328125,5.051344871520996,106.79166412353516,12.188652038574219,5.041961193084717
-0.08914351463317871,0.12198586016893387,162.2916717529297,10.26544189453125,109.3125,13.15814208984375,116.33333587646484,12.96026611328125,5.051344871520996,106.79166412353516,12.188652038574219,5.041961193084717
-0.08914351463317871,0.14075292646884918,179.375,10.412208557128906,109.3125,13.15814208984375,147.5500030517578,12.867835998535156,5.093570709228516,120.625,12.371994018554688,5.088878631591797
-0.2252046763896942,0.15482820570468903,145.67857360839844,10.343009948730469,136.3333282470703,13.008880615234375,147.5500030517578,12.867835998535156,5.093570709228516,120.625,12.371994018554688,5.088878631591797
-0.19705408811569214,0.20174585282802582,149.0,10.229156494140625,116.85713958740234,13.198020935058594,140.3000030517578,13.13818359375,5.060728073120117,120.625,12.371994018554688,5.088878631591797
-0.19705408811569214,0.1829787939786911,110.53125,10.831146240234375,116.85713958740234,13.198020935058594,132.60000610351562,13.386253356933594,5.037269592285156,117.05000305175781,12.256034851074219,5.074803352355957
-0.06568469852209091,0.12667763233184814,164.5833282470703,10.596748352050781,127.35713958740234,12.960411071777344,181.5625,13.23095703125,5.1076459884643555,125.16666412353516,11.802040100097656,5.065420150756836
-0.06568469852209091,0.07975998520851135,129.14285278320312,10.800125122070312,127.35713958740234,12.960411071777344,127.5,13.066596984863281,5.098262310028076,109.04166412353516,12.339584350585938,5.1076459884643555
-0.10321880877017975,0.046917639672756195,142.82142639160156,10.48199462890625,102.07142639160156,12.752311706542969,128.4166717529297,12.978256225585938,5.056036472320557,105.80000305175781,12.511131286621094,5.098262310028076
-0.10321880877017975,0.14544467628002167,155.10714721679688,9.985893249511719,116.03571319580078,9.896446228027344,110.33333587646484,13.115829467773438,5.084187030792236,146.0500030517578,12.008026123046875,5.093570709228516
-0.19236232340335846,0.046917639672756195,142.2083282470703,10.784263610839844,127.96428680419922,13.396949768066406,155.35000610351562,13.023246765136719,5.088878631591797,113.20833587646484,12.107620239257812,5.065420150756836
-0.1360611617565155,0.24397172033786774,151.4642791748047,10.131561279296875,138.4583282470703,12.881866455078125,127.45833587646484,12.817520141601562,5.051344871520996,115.66666412353516,12.357040405273438,5.074803352355957
-0.1360611617565155,0.24397172033786774,151.4642791748047,10.131561279296875,140.7916717529297,12.9166259765625,127.45833587646484,12.817520141601562,5.051344871520996,127.0,12.375129699707031,5.056036472320557
-0.1360611617565155,0.14075292646884918,178.7916717529297,10.605293273925781,140.7916717529297,12.9166259765625,124.91666412353516,12.959495544433594,5.074803352355957,146.10000610351562,11.970039367675781,5.0701117515563965
-0.1360611617565155,0.14075292646884918,178.7916717529297,10.605293273925781,143.2083282470703,13.185371398925781,118.16666412353516,13.022781372070312,5.037269592285156,146.10000610351562,11.970039367675781,5.0701117515563965
-0.21582114696502686,0.19705408811569214,149.32142639160156,10.015701293945312,182.75,11.368873596191406,122.70833587646484,13.008399963378906,5.084187030792236,115.95833587646484,12.015998840332031,5.0325775146484375
-0.08445174992084503,0.1595199704170227,165.7083282470703,10.555381774902344,103.5,12.558036804199219,115.0,12.977790832519531,5.084187030792236,140.39999389648438,12.0010986328125,5.079495429992676
-0.14075292646884918,0.21112938225269318,158.32142639160156,9.821479797363281,121.14286041259766,13.274887084960938,152.64999389648438,12.605369567871094,5.0701117515563965,133.60000610351562,12.492965698242188,5.037269592285156
-0.16421173512935638,0.13136939704418182,165.4583282470703,10.329536437988281,148.0833282470703,13.280235290527344,143.1999969482422,12.851348876953125,5.098262310028076,125.16666412353516,12.179618835449219,5.126412868499756
-0.1595199704170227,0.1595199704170227,133.40625,10.250724792480469,145.7083282470703,13.335494995117188,130.8000030517578,13.139228820800781,5.037269592285156,113.58333587646484,12.093612670898438,5.037269592285156
-0.15482820570468903,0.14544467628002167,151.4642791748047,10.42572021484375,104.71428680419922,13.158935546875,146.60000610351562,12.836639404296875,5.088878631591797,130.35000610351562,12.250823974609375,5.060728073120117
-0.15482820570468903,0.14544467628002167,151.4642791748047,10.42572021484375,131.4166717529297,13.096343994140625,146.60000610351562,12.836639404296875,5.088878631591797,154.10000610351562,12.032203674316406,5.088878631591797
-0.15482820570468903,0.15013644099235535,140.2857208251953,10.461944580078125,147.0833282470703,13.037467956542969,112.54166412353516,13.067192077636719,5.065420150756836,154.10000610351562,12.032203674316406,5.088878631591797
-0.16890349984169006,0.2298964411020279,137.39285278320312,10.584251403808594,139.2083282470703,13.229423522949219,123.375,12.887786865234375,5.098262310028076,129.10000610351562,12.551826477050781,5.0701117515563965
-0.2298964411020279,0.1595199704170227,124.46875,10.310478210449219,147.125,13.084373474121094,103.16666412353516,13.234580993652344,5.018502235412598,104.16666412353516,11.993827819824219,5.056036472320557
-0.1360611617565155,0.1360611617565155,181.0833282470703,9.751670837402344,124.64286041259766,12.710884094238281,125.83333587646484,12.722457885742188,5.084187030792236,106.25,12.12738037109375,5.0701117515563965
-0.13136939704418182,0.17359526455402374,172.125,10.266578674316406,110.75,13.250587463378906,139.75,13.027763366699219,5.084187030792236,102.25,12.348373413085938,5.0325775146484375
-0.2064376175403595,0.17828702926635742,153.39285278320312,9.552787780761719,115.85713958740234,13.112823486328125,125.125,12.801895141601562,5.027885913848877,124.79166412353516,12.066146850585938,5.126412868499756
-0.21582114696502686,0.17828702926635742,153.39285278320312,9.552787780761719,148.3333282470703,13.320587158203125,96.1500015258789,13.323226928710938,5.182713985443115,124.79166412353516,12.066146850585938,5.126412868499756
-0.1126023381948471,0.17828702926635742,153.39285278320312,9.552787780761719,97.78571319580078,11.504592895507812,128.4166717529297,12.819992065429688,5.084187030792236,149.8000030517578,12.197242736816406,5.135796546936035
-0.2252046763896942,0.17828702926635742,149.85714721679688,9.975860595703125,123.96428680419922,12.995613098144531,144.89999389648438,12.781044006347656,5.051344871520996,108.0,12.068511962890625,5.046652793884277
-0.1829787939786911,0.22051291167736053,142.2857208251953,10.248786926269531,143.5833282470703,13.455245971679688,144.89999389648438,13.0411376953125,5.102953910827637,101.0,12.004753112792969,5.1076459884643555
-0.24866348505020142,0.21112938225269318,160.32142639160156,9.765655517578125,147.8333282470703,13.257659912109375,116.55000305175781,13.350547790527344,5.102953910827637,107.1500015258789,12.288619995117188,5.093570709228516
-0.1126023381948471,0.2252046763896942,156.5416717529297,10.402809143066406,108.07142639160156,12.784019470214844,111.375,12.089447021484375,5.037269592285156,143.8000030517578,12.015213012695312,5.046652793884277
-0.1126023381948471,0.2252046763896942,156.5416717529297,10.402809143066406,134.10714721679688,13.300399780273438,117.29166412353516,13.011642456054688,5.0701117515563965,126.95833587646484,12.297172546386719,5.056036472320557
-0.08914351463317871,0.09383527934551239,148.25,10.415542602539062,125.42857360839844,9.180404663085938,150.4499969482422,13.004844665527344,5.041961193084717,127.25,12.473175048828125,5.051344871520996
-0.15482820570468903,0.15482820570468903,175.875,10.302139282226562,146.875,13.066352844238281,141.1999969482422,13.094696044921875,5.065420150756836,127.25,12.473175048828125,5.051344871520996
-0.1595199704170227,0.1829787939786911,149.39285278320312,10.201416015625,109.03571319580078,12.893363952636719,110.45833587646484,13.102012634277344,5.0325775146484375,135.35000610351562,12.172882080078125,5.018502235412598
-0.16421173512935638,0.17828702926635742,129.2857208251953,10.694541931152344,172.64999389648438,13.378028869628906,113.5,12.924766540527344,5.0701117515563965,124.83333587646484,11.985374450683594,5.074803352355957
-0.16421173512935638,0.17828702926635742,146.07142639160156,9.803726196289062,172.64999389648438,13.378028869628906,155.10000610351562,12.980422973632812,5.041961193084717,145.64999389648438,12.237190246582031,5.056036472320557
-0.13136939704418182,0.17828702926635742,146.07142639160156,9.803726196289062,149.7916717529297,13.337936401367188,125.16666412353516,13.076805114746094,5.041961193084717,144.39999389648438,12.229232788085938,5.051344871520996
-0.13136939704418182,0.16421173512935638,132.3125,9.892166137695312,115.96428680419922,13.286323547363281,143.10000610351562,13.199539184570312,5.084187030792236,112.0,12.486984252929688,5.088878631591797
-0.2064376175403595,0.16890349984169006,142.4583282470703,10.793296813964844,129.42857360839844,13.250259399414062,105.20833587646484,12.494743347167969,5.065420150756836,112.0,12.486984252929688,5.088878631591797
-0.14075292646884918,0.16890349984169006,142.4583282470703,10.793296813964844,122.17857360839844,12.950668334960938,122.20833587646484,12.77685546875,5.121721267700195,108.3499984741211,12.484756469726562,5.060728073120117
-0.20174585282802582,0.16890349984169006,154.35714721679688,10.339614868164062,164.5,12.904052734375,112.25,13.150711059570312,5.088878631591797,119.16666412353516,12.121543884277344,5.060728073120117
-0.051609404385089874,0.13136939704418182,153.375,10.600494384765625,141.6666717529297,13.018646240234375,121.33333587646484,13.234443664550781,5.046652793884277,108.70833587646484,12.68792724609375,5.088878631591797
-0.23458820581436157,0.13136939704418182,136.2083282470703,10.796485900878906,135.75,13.436172485351562,128.60000610351562,13.100051879882812,5.088878631591797,127.66666412353516,11.939041137695312,5.112337589263916
-0.17359526455402374,0.19705408811569214,150.2142791748047,10.271110534667969,111.78571319580078,13.11431884765625,134.25,12.954109191894531,5.0701117515563965,126.875,12.252647399902344,5.098262310028076
-0.17359526455402374,0.19705408811569214,161.0833282470703,10.403488159179688,111.78571319580078,13.11431884765625,134.25,12.954109191894531,5.0701117515563965,125.19999694824219,12.339134216308594,5.056036472320557
-0.1829787939786911,0.2580470144748688,152.5,10.286186218261719,124.875,13.166114807128906,115.70833587646484,12.905555725097656,5.0701117515563965,119.0,11.935798645019531,5.117029190063477
-0.22051291167736053,0.2580470144748688,152.5,10.286186218261719,126.79166412353516,13.191848754882812,115.70833587646484,12.905555725097656,5.0701117515563965,148.25,12.318954467773438,5.098262310028076
-0.22051291167736053,0.1595199704170227,146.2142791748047,10.304374694824219,126.0,12.944839477539062,157.9499969482422,12.878578186035156,5.093570709228516,108.91666412353516,12.413459777832031,5.098262310028076
-0.16421173512935638,0.17359526455402374,146.42857360839844,10.538200378417969,127.46428680419922,9.562950134277344,123.94999694824219,13.39208984375,5.065420150756836,124.0999984741211,12.118766784667969,5.060728073120117
-0.1829787939786911,0.1595199704170227,150.35714721679688,10.327682495117188,126.92857360839844,10.136161804199219,123.94999694824219,13.39208984375,5.065420150756836,124.0999984741211,12.118766784667969,5.060728073120117
-0.10321880877017975,0.17359526455402374,134.09375,9.785736083984375,125.21428680419922,12.950439453125,118.75,13.194969177246094,5.0325775146484375,117.70833587646484,12.049652099609375,5.065420150756836
-0.21582114696502686,0.20174585282802582,143.25,10.291053771972656,112.75,13.175331115722656,156.89999389648438,12.846054077148438,5.1076459884643555,120.70833587646484,12.063934326171875,5.093570709228516
-0.19236232340335846,0.19705408811569214,183.35000610351562,10.836784362792969,147.875,13.60784912109375,130.9499969482422,13.22528076171875,5.0701117515563965,112.41666412353516,12.375579833984375,5.051344871520996
-0.2064376175403595,0.19705408811569214,183.35000610351562,10.836784362792969,113.96428680419922,13.138198852539062,117.04166412353516,13.096549987792969,5.051344871520996,113.19999694824219,12.542778015136719,5.065420150756836
-0.21112938225269318,0.09852704405784607,156.7083282470703,10.258270263671875,143.0,12.96600341796875,139.89999389648438,12.830291748046875,5.079495429992676,121.08333587646484,12.112831115722656,5.093570709228516
-0.09383527934551239,0.09852704405784607,160.3333282470703,10.609977722167969,129.7083282470703,12.858283996582031,131.60000610351562,13.09674072265625,5.074803352355957,109.66666412353516,12.3150634765625,5.0325775146484375
-0.11729410290718079,0.03753411024808884,170.4166717529297,10.133712768554688,144.2916717529297,12.944099426269531,142.0,13.073684692382812,5.046652793884277,109.66666412353516,12.3150634765625,5.0325775146484375
-0.15013644099235535,0.12667763233184814,141.8125,9.437522888183594,94.52777862548828,12.967803955078125,120.75,12.959564208984375,5.093570709228516,89.5,12.62445068359375,5.098262310028076
-0.15013644099235535,0.20174585282802582,152.5,9.926033020019531,94.52777862548828,12.967803955078125,114.0,13.286453247070312,5.079495429992676,130.5500030517578,11.913520812988281,5.060728073120117
-0.18767055869102478,0.20174585282802582,173.1666717529297,10.05950927734375,149.0,13.677001953125,134.9499969482422,12.978111267089844,5.060728073120117,114.83333587646484,11.924095153808594,5.041961193084717
-0.19236232340335846,0.19236232340335846,131.25,10.603477478027344,123.96428680419922,12.969734191894531,123.83333587646484,12.908416748046875,5.102953910827637,144.6999969482422,12.112190246582031,5.079495429992676
-0.07506822049617767,0.1595199704170227,142.5357208251953,10.49395751953125,122.375,12.997825622558594,112.375,12.783103942871094,5.074803352355957,149.6999969482422,12.061386108398438,5.0701117515563965
-0.07506822049617767,0.028150584548711777,139.35714721679688,10.475440979003906,122.375,12.997825622558594,151.35000610351562,12.707679748535156,5.041961193084717,149.6999969482422,12.061386108398438,5.0701117515563965
-0.07506822049617767,0.2298964411020279,139.7916717529297,10.587432861328125,130.7083282470703,13.173774719238281,151.5500030517578,12.781509399414062,5.079495429992676,141.64999389648438,11.978683471679688,5.098262310028076
-0.07506822049617767,0.2298964411020279,143.25,8.063705444335938,130.7083282470703,13.173774719238281,189.25,13.017723083496094,5.098262310028076,141.64999389648438,11.978683471679688,5.098262310028076
-0.272122323513031,0.21582114696502686,136.0,9.46258544921875,141.8333282470703,13.052436828613281,129.25,12.695198059082031,5.060728073120117,91.03571319580078,12.313804626464844,5.088878631591797
-0.14544467628002167,0.1829787939786911,148.4642791748047,9.96356201171875,128.375,13.256721496582031,129.25,12.695198059082031,5.060728073120117,145.89999389648438,12.0706787109375,5.046652793884277
-0.2252046763896942,0.16421173512935638,143.4583282470703,10.458030700683594,113.45833587646484,13.536422729492188,129.25,12.695198059082031,5.060728073120117,146.5500030517578,11.980056762695312,5.065420150756836
-0.2252046763896942,0.28619760274887085,116.75,10.781600952148438,113.84375,13.081291198730469,129.25,12.695198059082031,5.060728073120117,143.0,11.923194885253906,5.0701117515563965
-0.2252046763896942,0.24866348505020142,141.4583282470703,10.41986083984375,92.28125,13.250534057617188,142.6999969482422,12.838172912597656,5.074803352355957,103.625,12.282691955566406,5.060728073120117
-0.2252046763896942,0.24866348505020142,169.4583282470703,10.039833068847656,92.28125,13.250534057617188,152.0500030517578,12.843330383300781,5.0701117515563965,145.8000030517578,12.071250915527344,5.084187030792236
-0.2252046763896942,0.2533552646636963,155.2857208251953,9.904876708984375,121.89286041259766,13.228218078613281,118.69999694824219,13.008720397949219,5.098262310028076,144.85000610351562,12.055511474609375,5.088878631591797
-0.2252046763896942,0.2580470144748688,134.42857360839844,10.540184020996094,121.89286041259766,13.228218078613281,114.0,12.86187744140625,5.046652793884277,139.89999389648438,12.070327758789062,5.041961193084717
-0.13136939704418182,0.2580470144748688,120.6875,10.011672973632812,149.5,13.339225769042969,144.25,12.814674377441406,5.046652793884277,126.54166412353516,11.876426696777344,5.041961193084717
-0.13136939704418182,0.07975998520851135,136.75,10.305915832519531,131.75,12.874809265136719,110.875,13.134101867675781,5.046652793884277,108.75,12.132522583007812,5.041961193084717
-0.11729410290718079,0.16421173512935638,161.2083282470703,10.559120178222656,144.0416717529297,13.308700561523438,126.05000305175781,13.028404235839844,5.0701117515563965,116.4000015258789,12.329689025878906,5.056036472320557
-0.11729410290718079,0.16421173512935638,153.67857360839844,9.978286743164062,123.60713958740234,13.086013793945312,126.05000305175781,13.028404235839844,5.0701117515563965,116.4000015258789,12.329689025878906,5.056036472320557
-0.11729410290718079,0.16421173512935638,164.5416717529297,10.523399353027344,121.57142639160156,12.996337890625,100.54166412353516,13.276496887207031,5.074803352355957,110.79166412353516,12.094764709472656,5.046652793884277
-0.11729410290718079,0.16421173512935638,107.77777862548828,10.088935852050781,113.46875,13.150894165039062,124.91666412353516,12.919815063476562,5.084187030792236,119.125,12.062324523925781,5.056036472320557
-0.11729410290718079,0.16421173512935638,158.4642791748047,9.486167907714844,131.2083282470703,13.374900817871094,108.79166412353516,12.973251342773438,5.0325775146484375,127.8499984741211,12.181137084960938,5.074803352355957
-0.13136939704418182,0.16421173512935638,158.4642791748047,9.486167907714844,130.375,12.859016418457031,146.89999389648438,12.672019958496094,5.056036472320557,134.0,12.212905883789062,5.018502235412598
-0.13136939704418182,0.19236232340335846,150.35714721679688,9.708412170410156,143.9166717529297,13.223716735839844,146.89999389648438,12.672019958496094,5.056036472320557,114.45833587646484,11.95062255859375,5.074803352355957
-0.26273879408836365,0.19236232340335846,150.35714721679688,9.708412170410156,95.96875,13.417938232421875,104.89286041259766,12.833244323730469,5.0701117515563965,134.9499969482422,12.265426635742188,5.074803352355957
-0.19705408811569214,0.2298964411020279,124.71875,10.381919860839844,141.25,12.774604797363281,104.89286041259766,12.833244323730469,5.0701117515563965,138.75,12.149772644042969,5.074803352355957
-0.19705408811569214,0.1126023381948471,149.82142639160156,9.483413696289062,120.58333587646484,13.6356201171875,144.0500030517578,13.090492248535156,5.084187030792236,140.60000610351562,12.158187866210938,5.074803352355957
-0.19705408811569214,0.2768140733242035,139.0,10.214492797851562,125.85713958740234,13.084938049316406,139.5500030517578,12.880271911621094,5.0701117515563965,140.60000610351562,12.158187866210938,5.074803352355957
-0.19705408811569214,0.07975998520851135,146.9642791748047,10.574371337890625,166.75,13.292732238769531,150.0500030517578,13.064186096191406,5.060728073120117,94.625,12.563682556152344,5.051344871520996
-0.19705408811569214,0.07506822049617767,133.7142791748047,10.40216064453125,74.0,6.4631500244140625,150.0500030517578,13.064186096191406,5.060728073120117,111.66666412353516,12.0928955078125,5.046652793884277
-0.19705408811569214,0.0,149.9642791748047,10.268653869628906,157.0500030517578,13.429656982421875,117.75,12.858161926269531,5.027885913848877,113.91666412353516,12.173225402832031,5.051344871520996
-0.2252046763896942,0.24866348505020142,150.2857208251953,9.691070556640625,93.59375,13.438804626464844,117.75,12.858161926269531,5.027885913848877,104.4000015258789,12.335655212402344,5.093570709228516
-0.2064376175403595,0.21582114696502686,176.125,10.302017211914062,142.6666717529297,13.138412475585938,145.39999389648438,13.087226867675781,5.1076459884643555,104.4000015258789,12.335655212402344,5.093570709228516
-0.19236232340335846,0.272122323513031,134.0,10.708969116210938,126.83333587646484,13.428306579589844,102.66666412353516,12.217658996582031,5.051344871520996,107.91666412353516,12.209190368652344,5.065420150756836
-0.2533552646636963,0.10321880877017975,135.5625,10.2799072265625,142.625,13.30572509765625,98.625,13.172866821289062,5.079495429992676,108.125,12.557479858398438,5.046652793884277
-0.2533552646636963,0.10321880877017975,135.5625,10.2799072265625,142.625,13.30572509765625,141.8000030517578,13.198997497558594,5.041961193084717,108.125,12.557479858398438,5.046652793884277
-0.23458820581436157,0.10321880877017975,123.0,9.898994445800781,120.0,13.043922424316406,151.64999389648438,12.808311462402344,5.102953910827637,131.5,12.044044494628906,5.084187030792236
-0.17359526455402374,0.22051291167736053,125.96428680419922,10.270660400390625,147.85000610351562,13.535614013671875,125.16666412353516,12.973846435546875,5.093570709228516,131.5,12.044044494628906,5.084187030792236
-0.12198586016893387,0.17359526455402374,155.92857360839844,10.417892456054688,116.71428680419922,13.009559631347656,118.875,13.030044555664062,5.079495429992676,149.0,12.174751281738281,5.1076459884643555
-0.23458820581436157,0.19236232340335846,169.0833282470703,10.59844970703125,129.375,13.19232177734375,114.5,12.869987487792969,5.140488147735596,85.0999984741211,12.492294311523438,5.117029190063477
-0.23458820581436157,0.23927995562553406,130.92857360839844,10.522613525390625,129.375,13.19232177734375,114.5,12.869987487792969,5.140488147735596,117.83333587646484,12.375083923339844,5.117029190063477
-0.26743054389953613,0.2298964411020279,176.0416717529297,9.398178100585938,115.92857360839844,13.196632385253906,114.5,12.869987487792969,5.140488147735596,107.25,12.618522644042969,5.117029190063477
-0.15013644099235535,0.16890349984169006,138.07142639160156,10.4022216796875,136.875,13.229141235351562,148.3000030517578,12.942405700683594,5.098262310028076,124.66666412353516,12.36767578125,5.0701117515563965
-0.16890349984169006,0.16890349984169006,138.07142639160156,10.4022216796875,141.0,12.878173828125,115.54166412353516,12.770805358886719,5.065420150756836,95.54166412353516,12.634002685546875,5.098262310028076
-0.14544467628002167,0.12667763233184814,180.0,9.431121826171875,142.0416717529297,13.167854309082031,122.125,12.765388488769531,5.079495429992676,123.54166412353516,12.040428161621094,5.060728073120117
-0.09852704405784607,0.12198586016893387,131.32142639160156,10.152122497558594,109.57142639160156,13.2943115234375,139.75,13.05926513671875,5.065420150756836,99.25,12.717094421386719,5.088878631591797
-0.2768140733242035,0.08914351463317871,92.5,5.375732421875,118.83333587646484,13.307876586914062,111.3499984741211,12.921478271484375,5.126412868499756,125.5,12.114227294921875,5.098262310028076
-0.060992930084466934,0.08914351463317871,152.2857208251953,10.0672607421875,110.03571319580078,13.295433044433594,107.5999984741211,12.729385375976562,5.135796546936035,125.5,12.114227294921875,5.098262310028076
-0.060992930084466934,0.08914351463317871,134.5357208251953,10.402603149414062,110.03571319580078,13.295433044433594,147.8000030517578,12.835105895996094,5.1076459884643555,109.70833587646484,12.396934509277344,5.046652793884277
-0.1360611617565155,0.08914351463317871,136.14285278320312,10.4476318359375,146.0833282470703,13.286598205566406,90.70833587646484,12.884849548339844,5.093570709228516,135.5500030517578,11.822502136230469,5.102953910827637
-0.21112938225269318,0.16421173512935638,112.5,10.9337158203125,143.2916717529297,13.705902099609375,138.64999389648438,12.876838684082031,5.056036472320557,148.25,12.31329345703125,5.060728073120117
-0.2298964411020279,0.2252046763896942,156.39285278320312,9.858390808105469,133.2083282470703,13.382354736328125,127.875,12.730545043945312,5.084187030792236,144.64999389648438,12.386764526367188,5.056036472320557
-0.2252046763896942,0.2252046763896942,149.75,10.394424438476562,149.125,13.169319152832031,149.64999389648438,13.016525268554688,5.060728073120117,124.95833587646484,12.027198791503906,5.079495429992676
-0.14544467628002167,0.12198586016893387,156.4583282470703,10.71923828125,151.2083282470703,13.409149169921875,128.10000610351562,12.817192077636719,5.060728073120117,144.75,12.001266479492188,5.051344871520996
-0.14544467628002167,0.12198586016893387,168.4166717529297,10.627677917480469,151.2083282470703,13.409149169921875,147.4499969482422,13.028038024902344,5.074803352355957,152.25,12.41473388671875,5.098262310028076
-0.14544467628002167,0.12198586016893387,130.5,10.194480895996094,109.5,13.119430541992188,150.75,12.667594909667969,5.102953910827637,123.20833587646484,12.030059814453125,5.093570709228516
-0.14544467628002167,0.12198586016893387,161.9583282470703,10.412261962890625,123.0,12.96319580078125,129.5416717529297,12.962066650390625,5.056036472320557,126.41666412353516,12.106246948242188,5.074803352355957
-0.14544467628002167,0.12198586016893387,161.5,10.484542846679688,127.71428680419922,9.829566955566406,129.5416717529297,12.962066650390625,5.056036472320557,126.41666412353516,12.106246948242188,5.074803352355957
-0.14075292646884918,0.12198586016893387,161.5,10.484542846679688,109.3125,12.906333923339844,123.54166412353516,12.654586791992188,5.131104469299316,126.41666412353516,12.106246948242188,5.074803352355957
-0.14075292646884918,0.17828702926635742,98.61111450195312,10.569999694824219,109.3125,12.906333923339844,139.64999389648438,13.016944885253906,5.051344871520996,122.83333587646484,12.324623107910156,5.088878631591797
-0.19705408811569214,0.23927995562553406,143.39285278320312,10.511993408203125,137.75,12.962066650390625,117.5,13.057197570800781,5.088878631591797,122.83333587646484,12.324623107910156,5.088878631591797
-0.23927995562553406,0.20174585282802582,153.0,10.646865844726562,125.57142639160156,13.307441711425781,117.5,13.057197570800781,5.088878631591797,122.83333587646484,12.324623107910156,5.088878631591797
-0.21582114696502686,0.20174585282802582,153.0,10.646865844726562,121.28571319580078,13.445068359375,123.625,12.843971252441406,5.088878631591797,146.3000030517578,12.117546081542969,5.121721267700195
-0.21582114696502686,0.15482820570468903,132.25,10.550712585449219,121.28571319580078,13.445068359375,92.83333587646484,13.356765747070312,5.140488147735596,77.125,12.589340209960938,5.1076459884643555
-0.21582114696502686,0.2768140733242035,172.7083282470703,9.959190368652344,165.8000030517578,13.247940063476562,148.3000030517578,12.842803955078125,5.093570709228516,138.9499969482422,12.437103271484375,5.098262310028076
-0.24397172033786774,0.2064376175403595,140.35714721679688,10.262519836425781,131.5,13.197418212890625,148.3000030517578,12.842803955078125,5.093570709228516,145.1999969482422,12.224723815917969,5.088878631591797
-0.24397172033786774,0.051609404385089874,123.92857360839844,10.977157592773438,125.5,13.235198974609375,130.39999389648438,13.20684814453125,5.060728073120117,130.85000610351562,12.222053527832031,5.037269592285156
-0.03753411024808884,0.042225874960422516,154.35714721679688,10.384971618652344,111.34375,13.175094604492188,130.39999389648438,13.20684814453125,5.060728073120117,114.79166412353516,12.104278564453125,5.037269592285156
-0.12667763233184814,0.042225874960422516,154.35714721679688,10.384971618652344,121.03571319580078,13.056999206542969,130.39999389648438,13.20684814453125,5.060728073120117,118.16666412353516,12.466888427734375,5.037269592285156
-0.07975998520851135,0.13136939704418182,134.2857208251953,10.741905212402344,138.375,13.226486206054688,110.0,13.124565124511719,5.060728073120117,118.16666412353516,12.466888427734375,5.037269592285156
-0.14544467628002167,0.1126023381948471,147.42857360839844,10.605377197265625,138.875,13.4278564453125,96.54166412353516,13.414703369140625,5.0701117515563965,151.3000030517578,12.045982360839844,5.037269592285156
-0.21112938225269318,0.16890349984169006,134.46875,10.146980285644531,123.78571319580078,13.387527465820312,96.54166412353516,13.414703369140625,5.0701117515563965,105.20833587646484,5.767951965332031,5.065420150756836
-0.22051291167736053,0.2064376175403595,175.625,10.084945678710938,124.17857360839844,12.931427001953125,137.3000030517578,12.692070007324219,5.074803352355957,111.54166412353516,12.616172790527344,5.098262310028076
-0.13136939704418182,0.16890349984169006,137.57142639160156,10.618034362792969,131.4166717529297,13.294044494628906,130.4583282470703,12.659126281738281,5.056036472320557,113.58333587646484,12.165702819824219,5.074803352355957
-0.22051291167736053,0.1595199704170227,158.75,9.968223571777344,138.9166717529297,12.785636901855469,135.35000610351562,13.349479675292969,5.065420150756836,113.58333587646484,12.165702819824219,5.074803352355957
-0.1829787939786911,0.20174585282802582,140.92857360839844,10.885604858398438,159.0500030517578,13.15631103515625,108.75,13.062263488769531,5.093570709228516,125.83333587646484,12.022468566894531,5.093570709228516
-0.20174585282802582,0.19705408811569214,176.5416717529297,10.32598876953125,130.0416717529297,13.19561767578125,108.75,13.062263488769531,5.093570709228516,125.83333587646484,12.022468566894531,5.093570709228516
-0.2768140733242035,0.26273879408836365,98.84375,10.864089965820312,125.16666412353516,13.316818237304688,108.75,13.062263488769531,5.093570709228516,125.83333587646484,12.022468566894531,5.093570709228516
-0.2298964411020279,0.20174585282802582,37.400001525878906,-0.615264892578125,119.57142639160156,13.284347534179688,142.0500030517578,13.191459655761719,5.093570709228516,107.4000015258789,12.553321838378906,5.093570709228516
-0.13136939704418182,0.20174585282802582,146.5416717529297,10.966079711914062,129.10714721679688,10.700775146484375,142.0500030517578,13.191459655761719,5.093570709228516,141.4499969482422,12.15399169921875,5.093570709228516
-0.23458820581436157,0.20174585282802582,146.5416717529297,10.966079711914062,142.3333282470703,13.502288818359375,139.25,13.083541870117188,5.0701117515563965,107.4000015258789,12.581878662109375,5.041961193084717
-0.23458820581436157,0.10791057348251343,150.64285278320312,10.589523315429688,142.3333282470703,13.502288818359375,94.125,13.352890014648438,5.079495429992676,107.4000015258789,12.581878662109375,5.041961193084717
-0.09852704405784607,0.10791057348251343,150.64285278320312,10.589523315429688,128.9166717529297,13.124244689941406,147.39999389648438,12.931564331054688,5.065420150756836,125.29166412353516,11.965065002441406,5.065420150756836
-0.14075292646884918,0.10791057348251343,166.5,10.456184387207031,40.1875,4.543235778808594,130.125,12.942924499511719,5.093570709228516,125.29166412353516,11.965065002441406,5.065420150756836
-0.14075292646884918,0.10791057348251343,16.33333396911621,23.7789306640625,40.1875,4.543235778808594,151.89999389648438,13.102790832519531,5.060728073120117,111.80000305175781,12.581268310546875,5.084187030792236
-0.14075292646884918,0.10791057348251343,188.5,10.725181579589844,144.7916717529297,13.115921020507812,131.4166717529297,12.919776916503906,5.0701117515563965,114.83333587646484,12.106040954589844,5.046652793884277
-0.16890349984169006,0.10791057348251343,153.5,10.312965393066406,146.4583282470703,13.002304077148438,98.94999694824219,12.931098937988281,5.117029190063477,112.875,12.129234313964844,5.060728073120117
-0.21112938225269318,0.19705408811569214,146.17857360839844,10.23895263671875,148.75,13.080162048339844,98.94999694824219,12.931098937988281,5.117029190063477,112.875,12.129234313964844,5.060728073120117
-0.14075292646884918,0.19705408811569214,148.14285278320312,9.774848937988281,120.92857360839844,12.914871215820312,116.625,13.06536865234375,5.117029190063477,118.44999694824219,12.754562377929688,5.041961193084717
-0.14075292646884918,0.18767055869102478,131.82142639160156,10.9263916015625,104.9375,13.256256103515625,115.5,13.056427001953125,5.084187030792236,104.375,12.482894897460938,5.060728073120117
-0.14075292646884918,0.1829787939786911,176.375,9.880477905273438,120.5,13.269973754882812,147.9499969482422,12.978584289550781,5.074803352355957,150.6999969482422,12.053749084472656,5.102953910827637
-0.15013644099235535,0.10791057348251343,150.7857208251953,10.50775146484375,139.875,13.002700805664062,145.75,13.010505676269531,5.060728073120117,154.3000030517578,12.075447082519531,5.1076459884643555
-0.1360611617565155,0.09852704405784607,146.35714721679688,10.523338317871094,149.9583282470703,13.064872741699219,119.08333587646484,12.972610473632812,5.112337589263916,149.64999389648438,12.17987060546875,5.084187030792236
-0.1360611617565155,0.09852704405784607,146.35714721679688,10.523338317871094,86.91666412353516,7.950691223144531,135.5,12.934410095214844,5.074803352355957,129.9166717529297,12.044334411621094,5.126412868499756
-0.1360611617565155,-0.08914351463317871,152.25,10.487533569335938,86.91666412353516,7.950691223144531,146.75,12.906097412109375,5.060728073120117,110.9000015258789,12.40081787109375,5.0701117515563965
-0.11729410290718079,0.1360611617565155,129.64285278320312,10.691154479980469,119.10713958740234,13.155685424804688,146.75,12.906097412109375,5.060728073120117,144.5500030517578,11.817848205566406,5.0325775146484375
-0.11729410290718079,0.14544467628002167,149.60714721679688,10.223037719726562,146.9166717529297,13.084762573242188,109.66666412353516,12.937950134277344,5.093570709228516,95.04166412353516,12.407791137695312,5.084187030792236
-0.09383527934551239,0.07506822049617767,114.34375,10.884292602539062,108.39286041259766,12.837799072265625,109.66666412353516,12.937950134277344,5.093570709228516,167.5625,12.139633178710938,5.079495429992676
-0.1360611617565155,0.07506822049617767,166.7916717529297,10.409095764160156,143.375,13.339920043945312,109.66666412353516,12.937950134277344,5.093570709228516,167.5625,12.139633178710938,5.079495429992676
-0.05630116909742355,0.07506822049617767,147.0,10.370361328125,118.5,13.243240356445312,121.79166412353516,12.875640869140625,5.046652793884277,95.91666412353516,12.197257995605469,5.079495429992676
-0.12198586016893387,0.08445174992084503,160.0,10.12164306640625,130.7083282470703,12.9593505859375,140.25,12.880569458007812,5.046652793884277,95.91666412353516,12.197257995605469,5.079495429992676
-0.11729410290718079,0.15482820570468903,170.375,10.776031494140625,131.7916717529297,13.139518737792969,131.85000610351562,13.098922729492188,5.046652793884277,123.125,12.107139587402344,5.093570709228516
-0.14075292646884918,0.09383527934551239,136.60714721679688,10.265754699707031,135.3333282470703,13.648139953613281,153.39999389648438,12.961723327636719,5.079495429992676,105.08333587646484,12.511459350585938,5.0701117515563965
-0.14075292646884918,0.18767055869102478,147.85714721679688,10.574516296386719,135.3333282470703,13.648139953613281,94.875,12.859275817871094,5.098262310028076,108.3499984741211,12.538856506347656,5.084187030792236
-0.14075292646884918,0.18767055869102478,130.875,10.246955871582031,135.3333282470703,13.648139953613281,131.9166717529297,13.03277587890625,5.149871826171875,79.54166412353516,12.371551513671875,5.131104469299316
-0.1360611617565155,0.18767055869102478,144.5357208251953,10.406532287597656,140.125,13.173057556152344,131.9166717529297,13.03277587890625,5.149871826171875,146.35000610351562,12.066902160644531,5.079495429992676
-0.1360611617565155,0.07506822049617767,162.125,10.320243835449219,140.125,13.173057556152344,189.6875,12.857597351074219,5.065420150756836,133.14999389648438,12.424385070800781,5.065420150756836
-0.24866348505020142,0.07506822049617767,151.14285278320312,10.501289367675781,141.5,12.894172668457031,112.75,13.329795837402344,5.079495429992676,85.75,12.364387512207031,5.121721267700195
-0.22051291167736053,0.18767055869102478,126.42857360839844,10.904106140136719,101.64286041259766,13.37066650390625,,,,,,
-0.16890349984169006,0.18767055869102478,126.42857360839844,10.904106140136719,152.10000610351562,13.502883911132812,,,,,,
-0.2064376175403595,0.19236232340335846,116.625,11.069587707519531,107.67857360839844,13.211196899414062,,,,,,
-0.17359526455402374,0.17828702926635742,178.9583282470703,10.596237182617188,117.10713958740234,13.030044555664062,,,,,,
-0.15013644099235535,0.16421173512935638,176.6666717529297,10.143226623535156,125.32142639160156,13.038093566894531,,,,,,
-0.18767055869102478,0.1595199704170227,158.6666717529297,10.324867248535156,130.5,13.411865234375,,,,,,
-0.26743054389953613,0.21112938225269318,153.4642791748047,10.24041748046875,117.35713958740234,13.108978271484375,,,,,,
-0.15013644099235535,0.24866348505020142,116.375,10.460830688476562,123.17857360839844,13.140876770019531,,,,,,
-0.15013644099235535,0.08914351463317871,161.5416717529297,10.588569641113281,117.91666412353516,13.497749328613281,,,,,,
-0.16890349984169006,0.08914351463317871,161.5416717529297,10.588569641113281,140.4583282470703,13.232818603515625,,,,,,
-0.15482820570468903,0.08914351463317871,161.7916717529297,10.568923950195312,147.7916717529297,13.006790161132812,,,,,,
-0.30965641140937805,0.23458820581436157,80.25,8.029899597167969,115.21428680419922,13.051231384277344,,,,,,
-0.15013644099235535,0.23458820581436157,141.57142639160156,10.474899291992188,145.7916717529297,13.141532897949219,,,,,,
-0.15482820570468903,0.2252046763896942,106.32142639160156,11.118072509765625,127.79166412353516,13.368515014648438,,,,,,
-0.15482820570468903,0.2252046763896942,106.32142639160156,11.118072509765625,127.79166412353516,13.368515014648438,,,,,,
-0.15482820570468903,0.2252046763896942,141.9642791748047,10.685295104980469,128.375,13.438308715820312,,,,,,
-0.1595199704170227,0.2298964411020279,153.0833282470703,10.70721435546875,135.0,13.466224670410156,,,,,,
-0.2064376175403595,0.14075292646884918,165.2083282470703,10.297462463378906,123.53571319580078,13.087615966796875,,,,,,
-0.17359526455402374,0.14075292646884918,165.2083282470703,10.297462463378906,137.9166717529297,13.074958801269531,,,,,,
-0.19236232340335846,0.07037646323442459,170.6666717529297,10.505783081054688,126.39286041259766,13.348777770996094,,,,,,
-0.1126023381948471,0.07037646323442459,170.6666717529297,10.505783081054688,150.7916717529297,13.111663818359375,,,,,,
-0.1126023381948471,0.20174585282802582,146.07142639160156,10.737403869628906,150.7916717529297,13.111663818359375,,,,,,
-0.13136939704418182,0.20174585282802582,146.07142639160156,10.737403869628906,101.34375,13.319625854492188,,,,,,
-0.14544467628002167,0.15482820570468903,141.32142639160156,10.415863037109375,123.35713958740234,13.191131591796875,,,,,,
-0.23458820581436157,0.15482820570468903,128.67857360839844,10.565773010253906,150.9166717529297,13.304580688476562,,,,,,
-0.19705408811569214,0.19705408811569214,169.25,10.251823425292969,120.03571319580078,13.002395629882812,,,,,,
-0.1595199704170227,0.15013644099235535,112.8125,10.910331726074219,120.66666412353516,13.228736877441406,,,,,,
-0.09852704405784607,0.12667763233184814,149.10714721679688,9.928314208984375,152.5833282470703,9.766105651855469,,,,,,
-0.2064376175403595,0.19705408811569214,141.85714721679688,9.0792236328125,108.35713958740234,13.206497192382812,,,,,,
-0.13136939704418182,0.20174585282802582,116.8125,10.579986572265625,117.17857360839844,12.904350280761719,,,,,,
-0.2064376175403595,0.17828702926635742,159.60714721679688,9.991691589355469,146.6666717529297,13.367935180664062,,,,,,
-0.20174585282802582,0.17828702926635742,159.60714721679688,9.991691589355469,115.71428680419922,13.33489990234375,,,,,,
-0.20174585282802582,0.1829787939786911,151.25,10.153411865234375,139.0,13.10784912109375,,,,,,
-0.26273879408836365,0.1829787939786911,122.54166412353516,11.038444519042969,124.41666412353516,13.434486389160156,,,,,,
-0.14075292646884918,0.2252046763896942,169.9166717529297,10.075164794921875,144.0416717529297,13.209297180175781,,,,,,
-0.12667763233184814,0.12198586016893387,157.25,10.52740478515625,101.53125,13.237068176269531,,,,,,
-0.1360611617565155,0.15013644099235535,160.1666717529297,10.568923950195312,106.14286041259766,13.517135620117188,,,,,,
-0.14544467628002167,0.14544467628002167,155.60714721679688,10.172607421875,133.0416717529297,13.201065063476562,,,,,,
-0.18767055869102478,0.1360611617565155,126.82142639160156,10.727470397949219,133.2083282470703,13.275047302246094,,,,,,
-0.1360611617565155,0.17359526455402374,153.82142639160156,9.91363525390625,110.46428680419922,12.843612670898438,,,,,,
-0.1360611617565155,0.15482820570468903,140.0357208251953,10.358940124511719,110.46428680419922,12.843612670898438,,,,,,
-0.1360611617565155,0.11729410290718079,150.2857208251953,10.317169189453125,136.1666717529297,12.844863891601562,,,,,,
-0.14075292646884918,0.11729410290718079,121.75,10.680702209472656,119.32142639160156,13.119163513183594,,,,,,
-0.24397172033786774,0.17359526455402374,108.5,11.276405334472656,139.125,12.819732666015625,,,,,,
-0.24397172033786774,0.17359526455402374,108.5,11.276405334472656,147.9166717529297,13.126991271972656,,,,,,
-0.24397172033786774,0.09852704405784607,150.17857360839844,10.077835083007812,144.75,13.318809509277344,,,,,,
-0.24397172033786774,0.1360611617565155,132.32142639160156,10.290878295898438,142.25,12.859046936035156,,,,,,
-0.17828702926635742,0.1829787939786911,151.17857360839844,10.120864868164062,126.25,13.387222290039062,,,,,,
-0.18767055869102478,0.17359526455402374,152.60714721679688,10.299842834472656,130.17857360839844,13.195381164550781,,,,,,
-0.19236232340335846,0.17359526455402374,152.60714721679688,10.299842834472656,136.4166717529297,13.190574645996094,,,,,,
-0.2252046763896942,0.24866348505020142,168.8333282470703,10.137100219726562,108.17857360839844,13.448371887207031,,,,,,
-0.2533552646636963,0.28150585293769836,131.82142639160156,10.845878601074219,123.70833587646484,13.437355041503906,,,,,,
-0.23927995562553406,0.15013644099235535,161.5,9.937957763671875,100.53571319580078,12.763114929199219,,,,,,
-0.23927995562553406,0.15013644099235535,161.5,9.937957763671875,147.625,13.254150390625,,,,,,
-0.2252046763896942,0.272122323513031,121.85713958740234,10.663284301757812,139.25,13.014259338378906,,,,,,
-0.2064376175403595,0.17828702926635742,136.17857360839844,10.3193359375,191.875,13.310211181640625,,,,,,
-0.23927995562553406,0.2533552646636963,122.10713958740234,10.945411682128906,149.5416717529297,13.264579772949219,,,,,,
-0.08914351463317871,0.1126023381948471,142.67857360839844,10.381072998046875,174.5,13.203727722167969,,,,,,
-0.08914351463317871,0.14544467628002167,155.0,10.280006408691406,174.5,13.203727722167969,,,,,,
-0.1360611617565155,0.14544467628002167,155.0,10.280006408691406,120.67857360839844,12.53387451171875,,,,,,
-0.1360611617565155,0.08445174992084503,150.9583282470703,10.850761413574219,146.5,13.12591552734375,,,,,,
-0.10791057348251343,0.08445174992084503,147.0,10.476493835449219,174.60000610351562,13.192352294921875,,,,,,
-0.12198586016893387,0.05630116909742355,140.2857208251953,10.44573974609375,143.625,13.172233581542969,,,,,,
-0.21582114696502686,0.22051291167736053,177.0,9.868095397949219,141.25,13.027915954589844,,,,,,
-0.21582114696502686,0.1595199704170227,174.5833282470703,10.408226013183594,141.25,13.027915954589844,,,,,,
-0.21582114696502686,0.1595199704170227,174.5833282470703,10.408226013183594,141.25,13.027915954589844,,,,,,
-0.1595199704170227,0.1595199704170227,174.5833282470703,10.408226013183594,128.1666717529297,13.227996826171875,,,,,,
-0.24397172033786774,0.3190399408340454,140.64285278320312,10.718391418457031,165.8000030517578,12.95849609375,,,,,,
-0.24397172033786774,0.15013644099235535,150.5,10.350982666015625,165.8000030517578,12.95849609375,,,,,,
-0.20174585282802582,0.15013644099235535,150.5,10.350982666015625,154.39999389648438,13.180633544921875,,,,,,
-0.23458820581436157,0.2298964411020279,99.70833587646484,4.4836273193359375,148.0833282470703,12.958808898925781,,,,,,
-0.1829787939786911,0.2064376175403595,155.0357208251953,9.823165893554688,110.875,12.885345458984375,,,,,,
-0.22051291167736053,0.19236232340335846,159.14285278320312,10.338310241699219,141.5416717529297,13.071525573730469,,,,,,
-0.22051291167736053,0.21582114696502686,107.55555725097656,10.202117919921875,141.5416717529297,13.071525573730469,,,,,,
-0.1829787939786911,0.16421173512935638,143.25,10.428977966308594,129.0416717529297,12.954559326171875,,,,,,
-0.16890349984169006,0.14075292646884918,177.2083282470703,10.289443969726562,122.5,13.555198669433594,,,,,,
-0.2298964411020279,0.23458820581436157,145.5,10.312309265136719,141.75,13.211753845214844,,,,,,
-0.17359526455402374,0.19236232340335846,144.57142639160156,10.368736267089844,149.39999389648438,13.260887145996094,,,,,,
-0.1360611617565155,0.17359526455402374,125.5,10.522994995117188,142.625,13.402740478515625,,,,,,
-0.17359526455402374,0.14544467628002167,175.3333282470703,10.247077941894531,139.7083282470703,13.588249206542969,,,,,,
-0.12667763233184814,0.09383527934551239,138.2857208251953,10.283645629882812,150.875,13.149124145507812,,,,,,
-0.16421173512935638,0.08914351463317871,179.25,10.275596618652344,121.57142639160156,12.955886840820312,,,,,,
-0.06568469852209091,0.15482820570468903,141.4166717529297,10.868179321289062,124.96428680419922,13.158317565917969,,,,,,
-0.16421173512935638,0.06568469852209091,182.4166717529297,10.128799438476562,134.5,13.113975524902344,,,,,,
-0.15482820570468903,0.19705408811569214,143.75,10.347366333007812,142.1666717529297,13.195114135742188,,,,,,
-0.15482820570468903,0.12667763233184814,195.6999969482422,10.255325317382812,142.1666717529297,13.195114135742188,,,,,,
-0.07975998520851135,0.12667763233184814,148.7857208251953,9.595664978027344,118.29166412353516,13.173637390136719,,,,,,
-0.07975998520851135,0.08914351463317871,149.07142639160156,9.703811645507812,143.89999389648438,12.885673522949219,,,,,,
-0.07975998520851135,0.08914351463317871,149.07142639160156,9.703811645507812,99.53125,12.767311096191406,,,,,,
-0.07975998520851135,0.08914351463317871,147.82142639160156,9.713706970214844,99.53125,12.767311096191406,,,,,,
-0.07975998520851135,0.08914351463317871,147.82142639160156,9.713706970214844,141.8333282470703,13.380882263183594,,,,,,
-0.14075292646884918,0.2064376175403595,118.46875,10.364212036132812,146.875,13.092613220214844,,,,,,
-0.14075292646884918,0.2064376175403595,151.0416717529297,10.784629821777344,146.875,13.092613220214844,,,,,,
-0.09852704405784607,0.11729410290718079,154.9642791748047,10.291694641113281,123.21428680419922,13.5142822265625,,,,,,
-0.09852704405784607,0.10791057348251343,164.4166717529297,10.321022033691406,123.21428680419922,13.5142822265625,,,,,,
-0.16890349984169006,0.19236232340335846,152.0357208251953,9.463058471679688,115.45833587646484,12.444755554199219,,,,,,
-0.16890349984169006,0.2064376175403595,122.28125,10.522567749023438,115.45833587646484,12.444755554199219,,,,,,
-0.16890349984169006,0.2064376175403595,138.125,9.884880065917969,97.0,12.162528991699219,,,,,,
-0.16890349984169006,0.2064376175403595,138.125,9.884880065917969,111.53571319580078,13.283851623535156,,,,,,
-0.17828702926635742,0.15013644099235535,144.60714721679688,10.44122314453125,107.5,13.209182739257812,,,,,,
-0.2298964411020279,0.17828702926635742,125.14286041259766,10.224563598632812,123.25,13.414070129394531,,,,,,
-0.14544467628002167,0.14075292646884918,164.0,10.501487731933594,150.375,10.141349792480469,,,,,,
-0.09383527934551239,0.028150584548711777,132.4375,10.2611083984375,145.125,13.473457336425781,,,,,,
-0.11729410290718079,0.1126023381948471,129.92857360839844,10.391891479492188,115.60713958740234,12.751350402832031,,,,,,
-0.20174585282802582,0.16890349984169006,137.0357208251953,10.524063110351562,135.6666717529297,13.330787658691406,,,,,,
-0.15482820570468903,0.16890349984169006,137.0357208251953,10.524063110351562,134.125,13.445457458496094,,,,,,
-0.15482820570468903,0.16890349984169006,137.0357208251953,10.524063110351562,108.57142639160156,13.212234497070312,,,,,,
-0.23458820581436157,0.2580470144748688,154.92857360839844,9.836128234863281,115.21428680419922,12.882949829101562,,,,,,
-0.3941081762313843,0.2580470144748688,31.145160675048828,2.1543045043945312,139.4166717529297,12.886856079101562,,,,,,
-0.07506822049617767,0.2580470144748688,130.0625,10.042808532714844,122.42857360839844,13.130935668945312,,,,,,
-0.15013644099235535,0.13136939704418182,134.7857208251953,10.735710144042969,106.03571319580078,13.197586059570312,,,,,,
-0.15013644099235535,0.14075292646884918,146.57142639160156,10.473548889160156,106.03571319580078,13.197586059570312,,,,,,
-0.15013644099235535,0.14075292646884918,127.10713958740234,10.580558776855469,106.03571319580078,13.197586059570312,,,,,,
-0.17828702926635742,0.14075292646884918,139.57142639160156,10.680496215820312,148.3333282470703,13.33123779296875,,,,,,
-0.19705408811569214,0.23458820581436157,156.75,9.669960021972656,141.5833282470703,13.024406433105469,,,,,,
-0.1360611617565155,0.15013644099235535,176.5,10.394279479980469,124.08333587646484,13.324508666992188,,,,,,
-0.20174585282802582,0.15013644099235535,104.09375,10.993988037109375,101.625,12.885765075683594,,,,,,
-0.20174585282802582,0.15013644099235535,149.35714721679688,10.499359130859375,101.625,12.885765075683594,,,,,,
-0.19705408811569214,0.17359526455402374,116.92857360839844,10.816642761230469,149.2083282470703,13.4193115234375,,,,,,
-0.22051291167736053,0.1829787939786911,188.4583282470703,9.819961547851562,114.75,13.013435363769531,,,,,,
-0.1360611617565155,0.10791057348251343,145.25,10.537612915039062,122.39286041259766,13.261268615722656,,,,,,
-0.15013644099235535,0.19705408811569214,133.2142791748047,10.715309143066406,128.64285278320312,13.069328308105469,,,,,,
-0.15013644099235535,0.12667763233184814,176.8333282470703,10.221031188964844,128.64285278320312,13.069328308105469,,,,,,
-0.15013644099235535,0.12667763233184814,143.89285278320312,10.469711303710938,128.64285278320312,13.069328308105469,,,,,,
-0.14544467628002167,0.18767055869102478,154.92857360839844,10.433387756347656,141.4583282470703,13.118194580078125,,,,,,
-0.1829787939786911,0.18767055869102478,105.86111450195312,10.394859313964844,125.32142639160156,13.084075927734375,,,,,,
-0.2252046763896942,0.17359526455402374,159.25,9.790229797363281,125.54166412353516,13.222808837890625,,,,,,
-0.2252046763896942,0.2252046763896942,147.35714721679688,10.378585815429688,143.0833282470703,12.916656494140625,,,,,,
-0.2252046763896942,0.13136939704418182,174.0,10.197433471679688,105.64286041259766,12.785209655761719,,,,,,
-0.12667763233184814,0.13136939704418182,174.0,10.197433471679688,138.5833282470703,13.414886474609375,,,,,,
-0.16421173512935638,0.15013644099235535,132.7857208251953,10.328536987304688,147.0,13.033912658691406,,,,,,
-0.16421173512935638,0.17828702926635742,153.7857208251953,10.137176513671875,147.0,13.033912658691406,,,,,,
-0.18767055869102478,0.17828702926635742,153.7857208251953,10.137176513671875,165.6999969482422,12.959297180175781,,,,,,
-0.18767055869102478,0.23458820581436157,149.4642791748047,9.729042053222656,134.75,13.18603515625,,,,,,
-0.1829787939786911,0.14544467628002167,147.10714721679688,9.690422058105469,100.625,12.965652465820312,,,,,,
-0.2064376175403595,0.23927995562553406,150.7857208251953,9.803230285644531,132.25,13.270393371582031,,,,,,
-0.17359526455402374,0.1595199704170227,153.14285278320312,10.433296203613281,148.1666717529297,13.10797119140625,,,,,,
-0.16890349984169006,0.17359526455402374,168.8333282470703,10.594482421875,135.375,13.232566833496094,,,,,,
-0.2252046763896942,0.2252046763896942,118.29166412353516,9.946372985839844,147.3333282470703,13.272964477539062,,,,,,
-0.2252046763896942,0.2252046763896942,145.89285278320312,10.763511657714844,147.3333282470703,13.272964477539062,,,,,,
-0.2252046763896942,0.2252046763896942,156.67857360839844,10.171867370605469,147.3333282470703,13.272964477539062,,,,,,
-0.13136939704418182,0.2252046763896942,156.67857360839844,10.171867370605469,119.42857360839844,13.534965515136719,,,,,,
-0.13136939704418182,0.2252046763896942,170.9583282470703,10.402084350585938,119.42857360839844,13.534965515136719,,,,,,
-0.14075292646884918,0.17828702926635742,140.85714721679688,10.643836975097656,140.2916717529297,13.004585266113281,,,,,,
-0.1360611617565155,0.10791057348251343,171.875,10.074516296386719,111.25,13.243820190429688,,,,,,
-0.12198586016893387,0.16890349984169006,131.42857360839844,10.671791076660156,138.8333282470703,13.44256591796875,,,,,,
-0.2064376175403595,0.23927995562553406,134.46875,10.052261352539062,123.08333587646484,13.173088073730469,,,,,,
-0.2064376175403595,0.23927995562553406,141.64285278320312,10.367134094238281,123.08333587646484,13.173088073730469,,,,,,
-0.13136939704418182,0.23927995562553406,141.64285278320312,10.367134094238281,111.85713958740234,9.990837097167969,,,,,,
-0.24866348505020142,0.23458820581436157,117.78125,10.550636291503906,133.0,13.372123718261719,,,,,,
-0.14544467628002167,0.17359526455402374,161.4642791748047,10.168228149414062,118.14286041259766,13.578964233398438,,,,,,
-0.21582114696502686,0.16421173512935638,159.125,10.38641357421875,121.42857360839844,12.984504699707031,,,,,,
-0.10321880877017975,0.16421173512935638,159.125,10.38641357421875,114.0,13.3359375,,,,,,
-0.12198586016893387,0.12667763233184814,148.92857360839844,10.330490112304688,102.375,12.832633972167969,,,,,,
-0.15482820570468903,0.14075292646884918,134.5357208251953,10.576087951660156,132.2916717529297,13.296913146972656,,,,,,
-0.08445174992084503,0.14075292646884918,134.5357208251953,10.576087951660156,126.0,1.5009002685546875,,,,,,
-0.08445174992084503,0.14075292646884918,134.5357208251953,10.576087951660156,130.375,13.474594116210938,,,,,,
-0.08445174992084503,0.14075292646884918,134.5357208251953,10.576087951660156,147.8333282470703,12.984565734863281,,,,,,
-0.19705408811569214,0.14075292646884918,150.89285278320312,9.751670837402344,147.2916717529297,13.40899658203125,,,,,,
-0.19705408811569214,0.2298964411020279,121.25,10.824714660644531,147.2916717529297,13.40899658203125,,,,,,
-0.19705408811569214,0.23927995562553406,133.85714721679688,10.406608581542969,147.2916717529297,13.40899658203125,,,,,,
-0.19705408811569214,0.23927995562553406,156.60714721679688,10.194778442382812,113.625,13.028823852539062,,,,,,
-0.10791057348251343,0.17359526455402374,145.0357208251953,10.276695251464844,121.32142639160156,12.689262390136719,,,,,,
-0.2064376175403595,0.10791057348251343,145.9642791748047,10.385513305664062,135.0,13.203605651855469,,,,,,
-0.18767055869102478,0.13136939704418182,133.07142639160156,10.583045959472656,152.625,13.614944458007812,,,,,,
-0.10321880877017975,0.12667763233184814,179.6666717529297,10.192893981933594,130.35714721679688,13.230567932128906,,,,,,
-0.1595199704170227,0.2298964411020279,166.5833282470703,10.607917785644531,146.7083282470703,13.228927612304688,,,,,,
-0.19236232340335846,0.2298964411020279,166.5833282470703,10.607917785644531,147.6666717529297,9.632987976074219,,,,,,
-0.20174585282802582,0.2298964411020279,144.60714721679688,10.254402160644531,97.46875,12.930984497070312,,,,,,
-0.20174585282802582,0.14075292646884918,137.75,10.654457092285156,103.125,12.756370544433594,,,,,,
-0.20174585282802582,0.19236232340335846,133.90625,10.310966491699219,149.7916717529297,12.902351379394531,,,,,,
-0.19236232340335846,0.1829787939786911,128.64285278320312,10.740707397460938,150.875,13.092185974121094,,,,,,
-0.19236232340335846,0.24866348505020142,157.67857360839844,10.076492309570312,150.875,13.092185974121094,,,,,,
-0.14075292646884918,0.13136939704418182,151.9642791748047,10.188774108886719,136.875,13.136375427246094,,,,,,
-0.14075292646884918,0.13136939704418182,145.7857208251953,10.097938537597656,136.875,13.136375427246094,,,,,,
-0.1829787939786911,0.12667763233184814,137.14285278320312,10.574905395507812,110.42857360839844,13.213180541992188,,,,,,
-0.1829787939786911,0.1829787939786911,143.75,10.6661376953125,110.42857360839844,13.213180541992188,,,,,,
-0.1829787939786911,0.16890349984169006,131.5357208251953,10.500717163085938,110.42857360839844,13.213180541992188,,,,,,
-0.1829787939786911,0.2252046763896942,142.6666717529297,7.5660858154296875,110.42857360839844,13.213180541992188,,,,,,
-0.1829787939786911,0.24397172033786774,173.75,10.256034851074219,110.42857360839844,13.213180541992188,,,,,,
-0.1829787939786911,0.2298964411020279,177.0416717529297,10.509208679199219,91.0,13.368217468261719,,,,,,
-0.1360611617565155,0.2298964411020279,168.375,10.699851989746094,95.38888549804688,13.047531127929688,,,,,,
-0.14075292646884918,0.1595199704170227,117.32142639160156,10.9913330078125,120.29166412353516,13.299209594726562,,,,,,
-0.10791057348251343,0.11729410290718079,145.10714721679688,10.333786010742188,145.7083282470703,13.246849060058594,,,,,,
-0.12198586016893387,0.08445174992084503,189.75,10.555877685546875,122.95833587646484,13.2652587890625,,,,,,
-0.1595199704170227,0.17828702926635742,120.40625,10.186363220214844,126.79166412353516,10.74432373046875,,,,,,
-0.14075292646884918,0.1360611617565155,149.67857360839844,10.050559997558594,112.07142639160156,13.242881774902344,,,,,,
-0.1360611617565155,0.14075292646884918,137.64285278320312,10.457588195800781,97.96875,12.937019348144531,,,,,,
-0.28619760274887085,0.16890349984169006,157.9642791748047,10.049667358398438,124.29166412353516,13.444793701171875,,,,,,
-0.28619760274887085,0.12667763233184814,152.0357208251953,9.991859436035156,119.4000015258789,12.4932861328125,,,,,,
-0.28619760274887085,0.12667763233184814,152.0357208251953,9.991859436035156,110.28571319580078,12.997947692871094,,,,,,
-0.28619760274887085,0.1595199704170227,122.5625,10.22686767578125,136.0833282470703,13.207756042480469,,,,,,
-0.28619760274887085,0.1595199704170227,122.5625,10.22686767578125,136.0833282470703,13.207756042480469,,,,,,
-0.28619760274887085,0.1595199704170227,146.0,10.159492492675781,116.64286041259766,13.163932800292969,,,,,,
-0.13136939704418182,0.17828702926635742,136.60714721679688,10.438125610351562,90.4375,13.281005859375,,,,,,
-0.13136939704418182,0.12667763233184814,157.2857208251953,9.759086608886719,130.57142639160156,13.176376342773438,,,,,,
-0.14544467628002167,0.17359526455402374,166.5833282470703,10.39892578125,130.57142639160156,13.176376342773438,,,,,,
-0.2064376175403595,0.1829787939786911,142.25,10.744575500488281,147.375,13.110115051269531,,,,,,
-0.16890349984169006,0.14075292646884918,149.10714721679688,9.871017456054688,126.53571319580078,13.059715270996094,,,,,,
-0.16890349984169006,0.14075292646884918,118.75,10.611328125,126.53571319580078,13.059715270996094,,,,,,
-0.16421173512935638,0.22051291167736053,154.89285278320312,10.151214599609375,121.0,12.760002136230469,,,,,,
-0.24397172033786774,0.2064376175403595,150.10714721679688,10.560882568359375,143.5833282470703,13.134040832519531,,,,,,
-0.21112938225269318,0.1829787939786911,170.7083282470703,10.54437255859375,127.85713958740234,13.192153930664062,,,,,,
-0.060992930084466934,0.1360611617565155,177.375,10.295822143554688,145.625,13.555549621582031,,,,,,
-0.16421173512935638,0.16890349984169006,120.67857360839844,10.722183227539062,129.4583282470703,13.155921936035156,,,,,,
-0.19236232340335846,0.15482820570468903,154.07142639160156,9.772857666015625,122.78571319580078,12.981002807617188,,,,,,
-0.10791057348251343,0.12667763233184814,140.39285278320312,10.482940673828125,117.89286041259766,13.315391540527344,,,,,,
-0.10791057348251343,0.12667763233184814,166.625,10.456039428710938,117.89286041259766,13.315391540527344,,,,,,
-0.10791057348251343,0.11729410290718079,174.625,10.333808898925781,117.89286041259766,13.315391540527344,,,,,,
-0.21112938225269318,0.11729410290718079,174.625,10.333808898925781,121.78571319580078,12.76556396484375,,,,,,
-0.2064376175403595,0.11729410290718079,169.875,10.342605590820312,132.5416717529297,13.344490051269531,,,,,,
-0.17828702926635742,0.11729410290718079,162.3333282470703,10.518852233886719,122.82142639160156,13.1134033203125,,,,,,
-0.17828702926635742,0.11729410290718079,162.3333282470703,10.518852233886719,122.82142639160156,13.1134033203125,,,,,,
-0.2580470144748688,0.2298964411020279,145.75,10.415092468261719,122.5,13.186485290527344,,,,,,
-0.19236232340335846,0.18767055869102478,164.0,10.436729431152344,135.8333282470703,13.163291931152344,,,,,,
-0.1126023381948471,0.06568469852209091,175.0416717529297,10.370491027832031,123.92857360839844,13.249618530273438,,,,,,
-0.13136939704418182,0.15013644099235535,130.75,10.596817016601562,91.59375,13.269729614257812,,,,,,
-0.17828702926635742,0.10321880877017975,113.46875,10.421577453613281,125.28571319580078,13.427055358886719,,,,,,
-0.09852704405784607,0.15013644099235535,147.14285278320312,10.215385437011719,117.75,13.142433166503906,,,,,,
-0.16421173512935638,0.17359526455402374,150.4583282470703,10.174484252929688,138.125,13.119873046875,,,,,,
-0.17359526455402374,0.19236232340335846,134.0357208251953,10.702392578125,129.2916717529297,13.243522644042969,,,,,,
-0.19705408811569214,0.13136939704418182,138.32142639160156,10.42767333984375,144.0416717529297,13.206413269042969,,,,,,
-0.09852704405784607,0.13136939704418182,138.32142639160156,10.42767333984375,146.625,13.388595581054688,,,,,,
-0.09852704405784607,0.10321880877017975,134.4642791748047,10.657341003417969,145.8333282470703,12.86846923828125,,,,,,
-0.12198586016893387,0.12667763233184814,129.53125,10.043373107910156,150.375,13.041725158691406,,,,,,
-0.1595199704170227,0.2768140733242035,154.35714721679688,10.262229919433594,98.09375,13.203514099121094,,,,,,
-0.2533552646636963,0.1829787939786911,130.85714721679688,10.779281616210938,106.65625,13.470848083496094,,,,,,
-0.19705408811569214,0.1829787939786911,130.85714721679688,10.779281616210938,154.75,10.06048583984375,,,,,,
-0.19705408811569214,0.14544467628002167,149.9642791748047,10.361518859863281,154.75,10.06048583984375,,,,,,
-0.15482820570468903,0.21582114696502686,126.92857360839844,10.840446472167969,144.5416717529297,12.99224853515625,,,,,,
-0.19236232340335846,0.21582114696502686,126.92857360839844,10.840446472167969,145.0833282470703,13.089408874511719,,,,,,
-0.1126023381948471,0.09852704405784607,150.82142639160156,10.367446899414062,118.78571319580078,12.860939025878906,,,,,,
-0.12198586016893387,0.16890349984169006,159.0357208251953,9.617706298828125,162.8000030517578,13.256492614746094,,,,,,
-0.22051291167736053,0.17828702926635742,139.32142639160156,10.165031433105469,139.0833282470703,13.078102111816406,,,,,,
-0.22051291167736053,0.17828702926635742,43.875,2.27581787109375,139.0833282470703,13.078102111816406,,,,,,
-0.33311524987220764,0.19705408811569214,146.35714721679688,9.461326599121094,118.07142639160156,13.0125732421875,,,,,,
-0.16421173512935638,0.19705408811569214,150.25,10.529396057128906,121.17857360839844,13.467727661132812,,,,,,
-0.16421173512935638,0.17828702926635742,149.10714721679688,10.214790344238281,121.17857360839844,13.467727661132812,,,,,,
-0.2298964411020279,0.17828702926635742,99.75,10.715568542480469,151.4166717529297,12.8182373046875,,,,,,
-0.2298964411020279,0.2064376175403595,145.7857208251953,10.389488220214844,142.2083282470703,13.217842102050781,,,,,,
-0.17359526455402374,0.2064376175403595,153.35714721679688,10.020668029785156,116.96428680419922,12.669013977050781,,,,,,
-0.19705408811569214,0.16421173512935638,156.42857360839844,9.76507568359375,145.625,13.08160400390625,,,,,,
-0.19705408811569214,0.16890349984169006,116.72222137451172,10.168197631835938,145.625,13.08160400390625,,,,,,
-0.13136939704418182,0.1360611617565155,139.03125,9.379119873046875,144.4166717529297,13.316436767578125,,,,,,
-0.09383527934551239,0.12667763233184814,134.1666717529297,10.748603820800781,103.82142639160156,13.200912475585938,,,,,,
-0.19236232340335846,0.23458820581436157,165.7916717529297,10.286697387695312,139.9583282470703,13.1502685546875,,,,,,
-0.23927995562553406,0.23458820581436157,165.7916717529297,10.286697387695312,138.9583282470703,13.007575988769531,,,,,,
-0.2252046763896942,0.23458820581436157,155.85714721679688,9.636795043945312,119.53571319580078,12.94671630859375,,,,,,
-0.2298964411020279,0.23458820581436157,139.15625,9.751426696777344,131.625,13.516464233398438,,,,,,
-0.1595199704170227,0.19705408811569214,118.42857360839844,10.735603332519531,129.10714721679688,13.159477233886719,,,,,,
-0.1595199704170227,0.19705408811569214,147.57142639160156,10.0853271484375,129.10714721679688,13.159477233886719,,,,,,
-0.22051291167736053,0.19236232340335846,183.875,9.884857177734375,132.5416717529297,12.977180480957031,,,,,,
-0.21112938225269318,0.19705408811569214,158.625,10.490653991699219,142.25,13.287055969238281,,,,,,
-0.19705408811569214,0.17828702926635742,125.16666412353516,9.877685546875,136.6666717529297,12.830024719238281,,,,,,
-0.19705408811569214,0.18767055869102478,179.9166717529297,9.645645141601562,136.6666717529297,12.830024719238281,,,,,,
-0.19705408811569214,0.1595199704170227,158.7916717529297,10.410530090332031,142.2916717529297,13.093833923339844,,,,,,
-0.13136939704418182,0.1595199704170227,164.125,10.405357360839844,114.57142639160156,13.300437927246094,,,,,,
-0.15013644099235535,0.14544467628002167,149.32142639160156,10.143051147460938,127.16666412353516,13.331199645996094,,,,,,
-0.1595199704170227,0.13136939704418182,117.21428680419922,10.71502685546875,121.82142639160156,13.025840759277344,,,,,,
-0.1595199704170227,0.17828702926635742,148.2142791748047,9.972862243652344,126.17857360839844,10.562004089355469,,,,,,
-0.14544467628002167,0.07506822049617767,160.0833282470703,10.145668029785156,139.0416717529297,12.814872741699219,,,,,,
-0.08914351463317871,0.08914351463317871,118.3125,10.602088928222656,122.35713958740234,12.888046264648438,,,,,,
-0.13136939704418182,0.1829787939786911,174.4166717529297,9.610206604003906,109.32142639160156,13.322402954101562,,,,,,
-0.2064376175403595,0.16890349984169006,165.8333282470703,10.489410400390625,120.03571319580078,12.953239440917969,,,,,,
-0.2064376175403595,0.16890349984169006,161.875,10.391990661621094,120.03571319580078,12.953239440917969,,,,,,
-0.20174585282802582,0.19236232340335846,138.28125,9.552276611328125,107.90625,12.836494445800781,,,,,,
-0.19236232340335846,0.1829787939786911,151.42857360839844,9.996009826660156,120.85713958740234,13.074981689453125,,,,,,
-0.12667763233184814,0.07506822049617767,170.75,10.188827514648438,124.375,12.871559143066406,,,,,,
-0.12667763233184814,0.2064376175403595,125.46428680419922,10.491287231445312,119.0,13.405662536621094,,,,,,
-0.16421173512935638,0.09852704405784607,136.7142791748047,10.134658813476562,105.96428680419922,13.277984619140625,,,,,,
-0.15013644099235535,0.09852704405784607,136.7142791748047,10.134658813476562,120.5,12.920433044433594,,,,,,
-0.19236232340335846,0.17359526455402374,148.92857360839844,9.991661071777344,143.625,13.116317749023438,,,,,,
-0.11729410290718079,0.1360611617565155,179.5833282470703,9.864639282226562,136.125,12.69671630859375,,,,,,
-0.1595199704170227,0.14544467628002167,141.92857360839844,10.28961181640625,133.5,12.571479797363281,,,,,,
-0.14544467628002167,0.28619760274887085,68.0,2.6973419189453125,143.7083282470703,13.191551208496094,,,,,,
-0.3190399408340454,0.28619760274887085,68.0,2.6973419189453125,129.125,12.889305114746094,,,,,,
-0.3190399408340454,0.28619760274887085,146.89285278320312,10.007362365722656,148.0833282470703,13.105804443359375,,,,,,
-0.15013644099235535,0.15013644099235535,152.60714721679688,10.209243774414062,132.0833282470703,13.140213012695312,,,,,,
-0.17828702926635742,0.15013644099235535,152.60714721679688,10.209243774414062,142.7916717529297,12.804901123046875,,,,,,
-0.17828702926635742,0.15013644099235535,152.60714721679688,10.209243774414062,125.39286041259766,13.208206176757812,,,,,,
-0.17828702926635742,0.16421173512935638,140.39285278320312,10.659385681152344,130.8333282470703,13.534767150878906,,,,,,
-0.13136939704418182,0.2064376175403595,150.5357208251953,9.759750366210938,126.70833587646484,13.382919311523438,,,,,,
-0.12667763233184814,0.11729410290718079,158.25,10.417205810546875,122.04166412353516,13.384147644042969,,,,,,
-0.12667763233184814,0.14544467628002167,153.42857360839844,10.109931945800781,84.33333587646484,1.5577239990234375,,,,,,
-0.20174585282802582,0.08914351463317871,150.89285278320312,10.147941589355469,153.2916717529297,13.133811950683594,,,,,,
-0.10791057348251343,0.08914351463317871,150.89285278320312,10.147941589355469,135.4583282470703,13.450477600097656,,,,,,
-0.09852704405784607,0.1360611617565155,142.2857208251953,10.275070190429688,115.09375,10.533241271972656,,,,,,
-0.09852704405784607,0.046917639672756195,151.2083282470703,10.521629333496094,124.10713958740234,12.743705749511719,,,,,,
-0.08914351463317871,0.2064376175403595,148.82142639160156,10.158905029296875,105.82142639160156,12.811782836914062,,,,,,
-0.08914351463317871,0.08445174992084503,183.5833282470703,10.062942504882812,139.9583282470703,13.006996154785156,,,,,,
-0.26273879408836365,0.08445174992084503,183.5833282470703,10.062942504882812,153.0,13.202606201171875,,,,,,
-0.26273879408836365,0.08445174992084503,128.35714721679688,10.406417846679688,153.0,13.202606201171875,,,,,,
-0.1360611617565155,0.08445174992084503,155.2916717529297,9.9903564453125,138.25,12.749526977539062,,,,,,
-0.1360611617565155,0.08445174992084503,155.2916717529297,9.9903564453125,151.0,13.026260375976562,,,,,,
-0.1360611617565155,0.08445174992084503,130.82142639160156,10.477470397949219,150.625,13.378410339355469,,,,,,
-0.2064376175403595,0.08445174992084503,130.82142639160156,10.477470397949219,137.2916717529297,13.09326171875,,,,,,
-0.2064376175403595,0.17828702926635742,139.92857360839844,9.914871215820312,129.625,13.385528564453125,,,,,,
-0.14075292646884918,0.17828702926635742,139.92857360839844,9.914871215820312,98.89286041259766,13.259170532226562,,,,,,
-0.13136939704418182,0.12667763233184814,124.32142639160156,10.692802429199219,114.15625,13.241127014160156,,,,,,
-0.13136939704418182,0.12667763233184814,124.32142639160156,10.692802429199219,114.15625,13.241127014160156,,,,,,
-0.10791057348251343,0.046917639672756195,130.5,9.818077087402344,106.64286041259766,12.56060791015625,,,,,,
-0.2533552646636963,0.2580470144748688,128.7857208251953,10.27423095703125,134.875,13.245620727539062,,,,,,
-0.3002728819847107,0.3237317204475403,157.2083282470703,-2.689239501953125,144.125,13.010047912597656,,,,,,
-0.19236232340335846,0.3237317204475403,158.9166717529297,10.647972106933594,129.375,13.435958862304688,,,,,,
-0.16421173512935638,0.18767055869102478,160.0416717529297,10.182380676269531,133.1666717529297,13.182701110839844,,,,,,
-0.16421173512935638,0.16421173512935638,109.52777862548828,10.154754638671875,133.1666717529297,13.182701110839844,,,,,,
-0.18767055869102478,0.16421173512935638,135.39285278320312,10.535270690917969,148.3333282470703,13.090362548828125,,,,,,
-0.15482820570468903,0.17359526455402374,126.875,10.060104370117188,114.64286041259766,10.010490417480469,,,,,,
-0.19705408811569214,0.17828702926635742,129.5,10.46575927734375,152.6666717529297,13.055686950683594,,,,,,
-0.19705408811569214,0.22051291167736053,174.8333282470703,9.911918640136719,117.67857360839844,13.315513610839844,,,,,,
-0.19705408811569214,0.2768140733242035,154.39285278320312,10.110946655273438,106.21428680419922,13.4481201171875,,,,,,
-0.29088935256004333,0.2768140733242035,154.39285278320312,10.110946655273438,126.54166412353516,13.399002075195312,,,,,,
-0.29088935256004333,0.2768140733242035,108.9000015258789,7.021125793457031,112.90625,13.142623901367188,,,,,,
-0.15482820570468903,0.2768140733242035,156.82142639160156,9.828254699707031,125.0,13.160835266113281,,,,,,
-0.15482820570468903,0.1595199704170227,151.5357208251953,10.27801513671875,125.0,13.160835266113281,,,,,,
-0.15482820570468903,0.15013644099235535,135.07142639160156,10.633476257324219,142.4166717529297,13.319908142089844,,,,,,
-0.12667763233184814,0.13136939704418182,129.7142791748047,10.55517578125,93.0999984741211,11.713912963867188,,,,,,
-0.18767055869102478,0.24866348505020142,157.0,9.681327819824219,128.42857360839844,13.117210388183594,,,,,,
-0.17359526455402374,0.13136939704418182,164.1999969482422,10.633934020996094,154.5416717529297,13.200004577636719,,,,,,
-0.07037646323442459,0.1126023381948471,144.0,10.42803955078125,77.3125,9.931388854980469,,,,,,
-0.1595199704170227,0.10321880877017975,181.7916717529297,10.027633666992188,144.5416717529297,12.823570251464844,,,,,,
-0.14544467628002167,0.19705408811569214,160.0357208251953,9.578361511230469,128.4166717529297,13.417984008789062,,,,,,
-0.07975998520851135,0.12198586016893387,130.25,10.128585815429688,145.9166717529297,12.938827514648438,,,,,,
-0.09852704405784607,0.08445174992084503,133.67857360839844,10.093894958496094,129.7142791748047,13.292121887207031,,,,,,
-0.09852704405784607,0.12198586016893387,181.0833282470703,10.519668579101562,129.7142791748047,13.292121887207031,,,,,,
-0.09852704405784607,0.12198586016893387,117.84375,10.212867736816406,129.7142791748047,13.292121887207031,,,,,,
-0.09852704405784607,0.11729410290718079,155.7142791748047,9.944976806640625,118.28571319580078,13.024368286132812,,,,,,
-0.1829787939786911,0.17359526455402374,122.1875,10.496376037597656,137.4166717529297,13.2548828125,,,,,,
-0.15013644099235535,0.07975998520851135,137.0357208251953,10.709564208984375,138.25,12.880943298339844,,,,,,
-0.08914351463317871,0.1829787939786911,152.0,10.309745788574219,136.5,13.379646301269531,,,,,,
-0.16421173512935638,0.1829787939786911,152.0,10.309745788574219,109.85713958740234,12.777580261230469,,,,,,
-0.16421173512935638,0.1829787939786911,152.0,10.309745788574219,146.0416717529297,13.263603210449219,,,,,,
-0.12667763233184814,0.09383527934551239,144.4642791748047,10.376312255859375,123.14286041259766,12.792373657226562,,,,,,
-0.18767055869102478,0.13136939704418182,143.60714721679688,10.603668212890625,139.9583282470703,13.150390625,,,,,,
-0.13136939704418182,0.19705408811569214,143.85714721679688,10.320671081542969,145.7083282470703,13.038131713867188,,,,,,
-0.1126023381948471,0.10321880877017975,138.7142791748047,10.352409362792969,140.7916717529297,12.981086730957031,,,,,,
-0.14075292646884918,0.1360611617565155,126.125,10.471107482910156,141.0833282470703,12.983634948730469,,,,,,
-0.14075292646884918,0.13136939704418182,141.5357208251953,10.320976257324219,141.0833282470703,12.983634948730469,,,,,,
-0.14544467628002167,0.13136939704418182,147.14285278320312,10.158622741699219,123.03571319580078,12.697395324707031,,,,,,
-0.14544467628002167,0.13136939704418182,14.291666984558105,29.451568603515625,123.03571319580078,12.697395324707031,,,,,,
-0.14544467628002167,0.13136939704418182,112.1875,10.614486694335938,117.57142639160156,13.145118713378906,,,,,,
-0.07975998520851135,0.046917639672756195,130.7857208251953,10.418312072753906,168.3000030517578,13.507431030273438,,,,,,
-0.13136939704418182,0.046917639672756195,130.7857208251953,10.418312072753906,142.25,13.47698974609375,,,,,,
-0.21112938225269318,0.10791057348251343,154.5,9.714820861816406,153.5833282470703,9.752471923828125,,,,,,
-0.19705408811569214,0.23927995562553406,132.75,10.138771057128906,113.3125,13.079902648925781,,,,,,
-0.24397172033786774,0.23927995562553406,162.0,9.894195556640625,114.78571319580078,13.314407348632812,,,,,,
-0.20174585282802582,0.1595199704170227,158.25,0.925079345703125,121.71428680419922,13.227691650390625,,,,,,
-0.13136939704418182,0.1126023381948471,141.39285278320312,10.614082336425781,123.64286041259766,12.847877502441406,,,,,,
-0.10321880877017975,0.09852704405784607,170.0,10.055633544921875,140.0416717529297,12.952186584472656,,,,,,
-0.1360611617565155,0.09852704405784607,170.0,10.055633544921875,122.32142639160156,12.887664794921875,,,,,,
-0.1360611617565155,0.13136939704418182,143.64285278320312,10.642463684082031,130.82142639160156,13.466903686523438,,,,,,
-0.12198586016893387,0.1829787939786911,158.10714721679688,9.793159484863281,125.64286041259766,13.105079650878906,,,,,,
-0.17828702926635742,0.09383527934551239,172.5416717529297,10.293174743652344,128.07142639160156,13.526412963867188,,,,,,
-0.17828702926635742,0.17359526455402374,131.0357208251953,10.529624938964844,137.0416717529297,13.055809020996094,,,,,,
-0.12198586016893387,0.10791057348251343,148.92857360839844,10.002952575683594,119.29166412353516,12.712287902832031,,,,,,
-0.12198586016893387,0.16421173512935638,151.64285278320312,9.911308288574219,102.92857360839844,13.358474731445312,,,,,,
-0.272122323513031,0.16421173512935638,161.4583282470703,9.346382141113281,118.67857360839844,12.306312561035156,,,,,,
-0.1829787939786911,0.17359526455402374,116.21428680419922,10.779212951660156,107.46875,13.600296020507812,,,,,,
-0.17359526455402374,0.16421173512935638,159.2083282470703,10.626388549804688,124.21428680419922,12.941978454589844,,,,,,
-0.16890349984169006,0.15013644099235535,177.625,10.209220886230469,129.75,13.388282775878906,,,,,,
-0.20174585282802582,0.14544467628002167,153.5,4.333526611328125,127.125,12.889030456542969,,,,,,
-0.19705408811569214,0.1595199704170227,168.0833282470703,10.434463500976562,169.5,13.119163513183594,,,,,,
-0.20174585282802582,0.11729410290718079,168.0833282470703,10.130119323730469,119.78571319580078,13.354896545410156,,,,,,
-0.13136939704418182,0.17359526455402374,175.2083282470703,10.52337646484375,146.1666717529297,13.121635437011719,,,,,,
-0.15013644099235535,0.046917639672756195,209.0500030517578,10.639701843261719,119.17857360839844,13.018394470214844,,,,,,
-0.051609404385089874,0.17359526455402374,161.7083282470703,10.58514404296875,145.5416717529297,12.993850708007812,,,,,,
-0.15482820570468903,0.1595199704170227,159.2083282470703,10.454704284667969,143.2083282470703,13.060585021972656,,,,,,
-0.1360611617565155,0.11729410290718079,140.89285278320312,10.374542236328125,115.46428680419922,13.0472412109375,,,,,,
-0.1126023381948471,0.14075292646884918,128.6875,10.408004760742188,144.3333282470703,13.407951354980469,,,,,,
-0.10321880877017975,0.14075292646884918,128.6875,10.408004760742188,128.7916717529297,13.231414794921875,,,,,,
-0.10321880877017975,0.14075292646884918,128.6875,10.408004760742188,128.7916717529297,13.231414794921875,,,,,,
-0.1360611617565155,0.14075292646884918,134.1875,9.870330810546875,110.53571319580078,13.204132080078125,,,,,,
-0.14075292646884918,0.19705408811569214,154.2142791748047,10.455902099609375,142.5,13.343170166015625,,,,,,
-0.14075292646884918,0.19705408811569214,132.34375,10.529869079589844,142.5,13.343170166015625,,,,,,
-0.15013644099235535,0.14544467628002167,133.15625,9.899085998535156,109.59375,13.017776489257812,,,,,,
-0.19705408811569214,0.14544467628002167,133.15625,9.899085998535156,141.8333282470703,13.102104187011719,,,,,,
-0.13136939704418182,0.15482820570468903,144.35714721679688,10.826438903808594,131.7916717529297,13.2139892578125,,,,,,
-0.20174585282802582,0.15013644099235535,163.0,10.492622375488281,131.875,10.485832214355469,,,,,,
-0.20174585282802582,0.15013644099235535,163.0,10.492622375488281,118.89286041259766,13.290618896484375,,,,,,
-0.20174585282802582,0.1829787939786911,139.82142639160156,10.4189453125,118.89286041259766,13.290618896484375,,,,,,
-0.1595199704170227,0.17359526455402374,139.89285278320312,10.415603637695312,177.85000610351562,13.416641235351562,,,,,,
-0.16421173512935638,0.14544467628002167,167.7083282470703,10.490997314453125,141.0416717529297,12.962966918945312,,,,,,
-0.16421173512935638,0.13136939704418182,134.60714721679688,10.283775329589844,141.0416717529297,12.962966918945312,,,,,,
-0.10791057348251343,0.13136939704418182,139.7857208251953,10.533134460449219,101.25,13.119522094726562,,,,,,
-0.1829787939786911,0.14544467628002167,139.875,9.922431945800781,114.39286041259766,13.043487548828125,,,,,,
-0.18767055869102478,0.22051291167736053,147.57142639160156,10.324974060058594,148.25,13.103569030761719,,,,,,
-0.18767055869102478,0.16890349984169006,138.39285278320312,10.441719055175781,148.25,13.103569030761719,,,,,,
-0.14544467628002167,0.14075292646884918,148.5357208251953,9.826286315917969,109.75,13.12872314453125,,,,,,
-0.17828702926635742,0.2533552646636963,118.8125,10.56756591796875,141.8333282470703,13.222709655761719,,,,,,
-0.15013644099235535,0.19236232340335846,158.2916717529297,10.590530395507812,109.57142639160156,13.281707763671875,,,,,,
-0.15013644099235535,0.17359526455402374,150.42857360839844,10.057685852050781,109.57142639160156,13.281707763671875,,,,,,
-0.1360611617565155,0.15013644099235535,117.39286041259766,11.066871643066406,124.95833587646484,13.196128845214844,,,,,,
-0.1360611617565155,0.15013644099235535,117.39286041259766,11.066871643066406,122.625,12.919845581054688,,,,,,
-0.1360611617565155,0.15013644099235535,108.78571319580078,8.739952087402344,134.9583282470703,13.117744445800781,,,,,,
-0.12198586016893387,0.046917639672756195,158.4583282470703,10.681358337402344,120.57142639160156,13.046905517578125,,,,,,
-0.1829787939786911,0.19705408811569214,159.5357208251953,10.306587219238281,150.25,12.962577819824219,,,,,,
-0.1829787939786911,0.1126023381948471,160.4583282470703,10.467292785644531,133.7083282470703,13.247955322265625,,,,,,
-0.14544467628002167,0.13136939704418182,150.9642791748047,10.482093811035156,139.4166717529297,13.151634216308594,,,,,,
-0.14544467628002167,0.15482820570468903,136.07142639160156,10.442314147949219,127.5,13.234756469726562,,,,,,
-0.1829787939786911,0.2064376175403595,151.14285278320312,10.679603576660156,127.5,13.234756469726562,,,,,,
-0.16421173512935638,0.21582114696502686,185.5416717529297,10.471443176269531,109.25,13.270271301269531,,,,,,
-0.16421173512935638,0.21582114696502686,137.85714721679688,10.586639404296875,107.67857360839844,12.737213134765625,,,,,,
-0.16890349984169006,0.20174585282802582,146.5357208251953,10.465499877929688,117.35713958740234,13.282196044921875,,,,,,
-0.18767055869102478,0.17359526455402374,152.85714721679688,9.385154724121094,142.75,12.903976440429688,,,,,,
-0.18767055869102478,0.16421173512935638,121.5,10.81988525390625,142.75,12.903976440429688,,,,,,
-0.2252046763896942,0.16421173512935638,148.9642791748047,9.970817565917969,99.6875,12.820289611816406,,,,,,
-0.1595199704170227,0.15482820570468903,143.07142639160156,10.379570007324219,115.0625,13.080184936523438,,,,,,
-0.10791057348251343,0.15482820570468903,143.07142639160156,10.379570007324219,138.8333282470703,13.363204956054688,,,,,,
-0.23458820581436157,0.1595199704170227,139.07142639160156,10.743156433105469,98.875,13.234962463378906,,,,,,
-0.23458820581436157,0.1595199704170227,148.32142639160156,10.270797729492188,98.875,13.234962463378906,,,,,,
-0.17359526455402374,0.2252046763896942,141.875,10.811470031738281,134.2083282470703,12.992355346679688,,,,,,
-0.21582114696502686,0.2252046763896942,141.875,10.811470031738281,108.5,13.02496337890625,,,,,,
-0.1126023381948471,0.08445174992084503,133.07142639160156,10.588653564453125,148.6666717529297,13.417854309082031,,,,,,
-0.10321880877017975,0.08445174992084503,133.07142639160156,10.588653564453125,148.0,13.031845092773438,,,,,,
-0.20174585282802582,0.20174585282802582,151.7857208251953,9.739501953125,141.125,12.727737426757812,,,,,,
-0.20174585282802582,0.17359526455402374,139.4375,9.974357604980469,141.125,12.727737426757812,,,,,,
-0.20174585282802582,0.17828702926635742,157.0,9.8382568359375,141.125,12.727737426757812,,,,,,
-0.20174585282802582,0.17828702926635742,129.85714721679688,10.689628601074219,126.32142639160156,13.099960327148438,,,,,,
-0.20174585282802582,0.17828702926635742,137.60714721679688,10.611579895019531,128.64285278320312,12.830680847167969,,,,,,
-0.16421173512935638,0.1829787939786911,159.4642791748047,9.998741149902344,126.875,13.289695739746094,,,,,,
-0.21582114696502686,0.1829787939786911,159.4642791748047,9.998741149902344,136.75,13.236244201660156,,,,,,
-0.19705408811569214,0.19705408811569214,159.7142791748047,10.514129638671875,122.10713958740234,13.240158081054688,,,,,,
-0.21112938225269318,0.08445174992084503,152.4166717529297,10.906173706054688,129.4583282470703,12.838951110839844,,,,,,
-0.1126023381948471,0.08445174992084503,148.625,10.62646484375,131.5357208251953,9.757011413574219,,,,,,
-0.1126023381948471,0.08445174992084503,148.625,10.62646484375,131.5357208251953,9.757011413574219,,,,,,
-0.1126023381948471,0.09852704405784607,170.0,10.254997253417969,127.64286041259766,13.189323425292969,,,,,,
-0.10791057348251343,0.10321880877017975,159.6666717529297,10.611396789550781,130.75,13.26605224609375,,,,,,
-0.09383527934551239,0.10321880877017975,159.6666717529297,10.611396789550781,125.85713958740234,12.875495910644531,,,,,,
-0.09383527934551239,0.20174585282802582,213.39999389648438,10.010940551757812,142.0416717529297,12.913871765136719,,,,,,
-0.09383527934551239,0.20174585282802582,161.3333282470703,10.656143188476562,142.0416717529297,12.913871765136719,,,,,,
-0.15482820570468903,0.20174585282802582,161.3333282470703,10.656143188476562,134.375,13.12384033203125,,,,,,
-0.2064376175403595,0.17359526455402374,175.375,10.166786193847656,117.0,13.238105773925781,,,,,,
-0.21582114696502686,0.2252046763896942,184.875,10.106132507324219,106.92857360839844,13.328643798828125,,,,,,
-0.19236232340335846,0.21112938225269318,173.6666717529297,10.339347839355469,145.8333282470703,13.29229736328125,,,,,,
-0.19236232340335846,0.21112938225269318,157.5833282470703,10.560943603515625,111.33333587646484,11.353706359863281,,,,,,
-0.07037646323442459,0.21112938225269318,157.5833282470703,10.560943603515625,131.4642791748047,10.669815063476562,,,,,,
-0.06568469852209091,0.07975998520851135,170.6666717529297,9.963394165039062,143.625,13.040786743164062,,,,,,
-0.1126023381948471,0.07975998520851135,141.7142791748047,10.444755554199219,149.0,13.209732055664062,,,,,,
-0.17828702926635742,0.18767055869102478,127.82142639160156,10.788795471191406,136.9583282470703,12.950614929199219,,,,,,
-0.14544467628002167,0.16421173512935638,135.2916717529297,11.022590637207031,114.03571319580078,10.053909301757812,,,,,,
-0.23927995562553406,0.16421173512935638,135.2916717529297,11.022590637207031,135.625,13.027366638183594,,,,,,
-0.08914351463317871,0.14075292646884918,121.46875,10.456405639648438,148.375,13.390533447265625,,,,,,
-0.1829787939786911,0.17359526455402374,152.5,10.549423217773438,151.6666717529297,13.053115844726562,,,,,,
-0.15013644099235535,0.2064376175403595,169.75,10.584831237792969,145.2916717529297,13.179023742675781,,,,,,
-0.18767055869102478,0.2064376175403595,181.5416717529297,9.921195983886719,145.0,13.238090515136719,,,,,,
-0.21582114696502686,0.2064376175403595,181.5416717529297,9.921195983886719,126.95833587646484,13.296768188476562,,,,,,
-0.21582114696502686,0.2064376175403595,181.5416717529297,9.921195983886719,126.95833587646484,13.296768188476562,,,,,,
-0.21582114696502686,0.16890349984169006,129.42857360839844,10.722007751464844,113.14286041259766,13.239067077636719,,,,,,
-0.21582114696502686,0.16890349984169006,147.4166717529297,8.105049133300781,113.14286041259766,13.239067077636719,,,,,,
-0.21582114696502686,0.16890349984169006,159.4166717529297,10.287994384765625,134.0,13.343658447265625,,,,,,
-0.05630116909742355,0.10791057348251343,130.92857360839844,10.838050842285156,127.75,13.225265502929688,,,,,,
-0.20174585282802582,0.09852704405784607,174.5833282470703,10.505867004394531,123.92857360839844,13.041999816894531,,,,,,
-0.21112938225269318,0.2252046763896942,116.46428680419922,10.837158203125,121.78571319580078,13.054115295410156,,,,,,
-0.19705408811569214,0.2252046763896942,134.5625,10.24078369140625,122.42857360839844,12.977523803710938,,,,,,
-0.09383527934551239,0.15013644099235535,139.35714721679688,10.268692016601562,117.35713958740234,12.630073547363281,,,,,,
-0.09383527934551239,0.10321880877017975,145.67857360839844,10.479850769042969,148.5,13.429733276367188,,,,,,
-0.09383527934551239,0.08914351463317871,152.89285278320312,10.214195251464844,148.5,13.429733276367188,,,,,,
-0.11729410290718079,0.09383527934551239,154.0416717529297,10.545822143554688,124.71428680419922,13.403816223144531,,,,,,
-0.13136939704418182,0.21582114696502686,155.32142639160156,10.1591796875,126.20833587646484,13.202392578125,,,,,,
-0.21582114696502686,0.16421173512935638,150.5357208251953,10.107490539550781,142.7083282470703,13.217704772949219,,,,,,
-0.16890349984169006,0.16421173512935638,137.60714721679688,10.328285217285156,138.1666717529297,13.292106628417969,,,,,,
-0.14544467628002167,0.16421173512935638,169.6666717529297,9.834312438964844,118.75,13.27056884765625,,,,,,
-0.15482820570468903,0.2298964411020279,158.0,10.63958740234375,121.0,12.920730590820312,,,,,,
-0.20174585282802582,0.09852704405784607,141.9583282470703,10.593452453613281,128.60714721679688,2.1636428833007812,,,,,,
-0.13136939704418182,0.15482820570468903,165.5416717529297,10.169952392578125,140.4583282470703,13.029869079589844,,,,,,
-0.13136939704418182,0.15482820570468903,165.5416717529297,10.169952392578125,125.625,11.721450805664062,,,,,,
-0.2064376175403595,0.3237317204475403,177.9166717529297,9.753158569335938,131.625,10.018112182617188,,,,,,
-0.26273879408836365,0.3237317204475403,177.9166717529297,9.753158569335938,123.03571319580078,13.022422790527344,,,,,,
-0.16890349984169006,0.1829787939786911,125.40625,10.395751953125,120.17857360839844,13.063064575195312,,,,,,
-0.12198586016893387,0.10321880877017975,156.82142639160156,10.016227722167969,100.72222137451172,12.858024597167969,,,,,,
-0.14075292646884918,0.12667763233184814,138.85714721679688,10.140403747558594,138.875,13.039848327636719,,,,,,
-0.14075292646884918,0.1829787939786911,127.17857360839844,10.564498901367188,120.21428680419922,13.330802917480469,,,,,,
-0.1595199704170227,0.15013644099235535,156.2857208251953,9.999168395996094,105.21428680419922,13.467872619628906,,,,,,
-0.1595199704170227,0.21112938225269318,151.25,10.561607360839844,105.21428680419922,13.467872619628906,,,,,,
-0.2533552646636963,0.2064376175403595,147.82142639160156,10.374610900878906,98.71875,13.395332336425781,,,,,,
-0.14544467628002167,0.14544467628002167,134.90625,9.68194580078125,135.5,12.782546997070312,,,,,,
-0.17828702926635742,0.17359526455402374,125.75,10.153564453125,169.10000610351562,13.117904663085938,,,,,,
-0.3002728819847107,0.3143481910228729,130.2142791748047,10.814254760742188,112.14286041259766,13.327957153320312,,,,,,
-0.17359526455402374,0.3143481910228729,130.2142791748047,10.814254760742188,116.89286041259766,13.293685913085938,,,,,,
-0.20174585282802582,0.14544467628002167,139.5,10.465110778808594,139.625,13.253913879394531,,,,,,
-0.17828702926635742,0.14544467628002167,113.15625,10.522750854492188,121.46428680419922,13.338615417480469,,,,,,
-0.14075292646884918,0.10791057348251343,156.7142791748047,9.991004943847656,129.0833282470703,12.715065002441406,,,,,,
-0.08445174992084503,0.14075292646884918,136.0,10.689682006835938,122.46428680419922,12.801712036132812,,,,,,
-0.12667763233184814,0.08914351463317871,186.4583282470703,10.084548950195312,141.7083282470703,13.451835632324219,,,,,,
-0.1126023381948471,0.13136939704418182,150.9642791748047,10.083160400390625,102.60713958740234,10.196876525878906,,,,,,
-0.14075292646884918,0.14544467628002167,153.75,10.08099365234375,135.1666717529297,13.275527954101562,,,,,,
-0.1126023381948471,0.07506822049617767,175.375,10.4873046875,128.25,13.027976989746094,,,,,,
-0.11729410290718079,0.1595199704170227,148.82142639160156,10.009727478027344,154.0,13.190605163574219,,,,,,
-0.11729410290718079,0.1595199704170227,155.0,10.26025390625,154.0,13.190605163574219,,,,,,
-0.10321880877017975,0.046917639672756195,128.0,10.597770690917969,141.875,12.767745971679688,,,,,,
-0.10321880877017975,0.046917639672756195,128.0,10.597770690917969,112.17857360839844,12.973464965820312,,,,,,
-0.1126023381948471,0.21582114696502686,144.67857360839844,10.048194885253906,128.14285278320312,12.874099731445312,,,,,,
-0.1360611617565155,0.08445174992084503,121.5,10.350028991699219,105.96875,12.746841430664062,,,,,,
-0.19705408811569214,0.17359526455402374,138.5357208251953,10.547523498535156,107.40625,12.800506591796875,,,,,,
-0.15482820570468903,0.1595199704170227,102.125,10.655517578125,129.9583282470703,13.217216491699219,,,,,,
-0.09852704405784607,0.12667763233184814,121.72222137451172,10.023612976074219,128.2083282470703,13.094589233398438,,,,,,
-0.1595199704170227,0.16890349984169006,157.8333282470703,10.890579223632812,144.75,12.973785400390625,,,,,,
-0.1595199704170227,0.1595199704170227,124.71428680419922,10.743667602539062,126.21428680419922,13.093009948730469,,,,,,
-0.1360611617565155,0.060992930084466934,153.82142639160156,10.332550048828125,123.16666412353516,12.691673278808594,,,,,,
-0.07975998520851135,0.060992930084466934,153.82142639160156,10.332550048828125,126.28571319580078,13.080574035644531,,,,,,
-0.1595199704170227,0.21112938225269318,127.0,10.622276306152344,143.9583282470703,13.120819091796875,,,,,,
-0.16421173512935638,0.1829787939786911,121.25,10.491409301757812,125.25,13.004859924316406,,,,,,
-0.10321880877017975,0.13136939704418182,131.75,10.563262939453125,151.9583282470703,13.201919555664062,,,,,,
-0.10321880877017975,0.12667763233184814,147.5,10.197227478027344,151.9583282470703,13.201919555664062,,,,,,
-0.14544467628002167,0.09852704405784607,133.0,10.509536743164062,123.85713958740234,13.108283996582031,,,,,,
-0.09383527934551239,0.15482820570468903,144.2857208251953,10.594657897949219,109.96428680419922,13.409492492675781,,,,,,
-0.1829787939786911,0.21582114696502686,132.67857360839844,10.501762390136719,105.78571319580078,13.315689086914062,,,,,,
-0.18767055869102478,0.13136939704418182,132.09375,10.213348388671875,112.59375,13.312492370605469,,,,,,
-0.10321880877017975,0.13136939704418182,132.09375,10.213348388671875,138.9166717529297,12.834480285644531,,,,,,
-0.1360611617565155,0.13136939704418182,139.67857360839844,10.372894287109375,122.58333587646484,12.612396240234375,,,,,,
-0.22051291167736053,0.09852704405784607,143.4642791748047,10.074897766113281,114.25,12.887863159179688,,,,,,
-0.22051291167736053,0.2533552646636963,149.17857360839844,10.073013305664062,105.03125,13.178504943847656,,,,,,
-0.15482820570468903,0.16890349984169006,125.96428680419922,10.468780517578125,142.0416717529297,13.164161682128906,,,,,,
-0.15482820570468903,0.14544467628002167,158.42857360839844,10.240333557128906,142.0416717529297,13.164161682128906,,,,,,
-0.11729410290718079,0.09852704405784607,128.7857208251953,10.614479064941406,139.3333282470703,9.928359985351562,,,,,,
-0.14544467628002167,0.19236232340335846,151.9642791748047,10.264022827148438,117.82142639160156,13.427108764648438,,,,,,
-0.14544467628002167,0.2580470144748688,157.4166717529297,10.549591064453125,117.82142639160156,13.427108764648438,,,,,,
-0.12667763233184814,0.12667763233184814,173.5,10.449493408203125,114.17857360839844,13.269287109375,,,,,,
-0.12667763233184814,0.14544467628002167,155.5,10.008987426757812,68.5,2.0005111694335938,,,,,,
-0.12667763233184814,-0.023458819836378098,149.5,10.277206420898438,68.5,2.0005111694335938,,,,,,
-0.12667763233184814,-0.023458819836378098,149.5,10.277206420898438,111.71428680419922,13.252540588378906,,,,,,
-0.12198586016893387,0.10321880877017975,107.28125,10.670333862304688,84.6875,9.949676513671875,,,,,,
-0.17828702926635742,0.10321880877017975,107.28125,10.670333862304688,107.875,12.869194030761719,,,,,,
-0.17828702926635742,0.03753411024808884,131.125,10.231048583984375,149.0500030517578,12.738914489746094,,,,,,
-0.08914351463317871,0.03753411024808884,131.125,10.231048583984375,145.8333282470703,9.866256713867188,,,,,,
-0.12667763233184814,0.11729410290718079,127.5,10.72021484375,117.83333587646484,13.200599670410156,,,,,,
-0.12667763233184814,0.12198586016893387,161.35714721679688,9.957710266113281,117.83333587646484,13.200599670410156,,,,,,
-0.12667763233184814,0.12198586016893387,151.17857360839844,10.305183410644531,117.83333587646484,13.200599670410156,,,,,,
-0.14544467628002167,0.2064376175403595,174.9583282470703,10.251853942871094,123.78571319580078,13.238677978515625,,,,,,
-0.16421173512935638,0.09852704405784607,172.5833282470703,10.155990600585938,122.58333587646484,12.865318298339844,,,,,,
-0.14075292646884918,0.17359526455402374,180.8333282470703,9.989181518554688,144.375,13.318679809570312,,,,,,
-0.18767055869102478,0.17359526455402374,168.75,10.226242065429688,127.95833587646484,13.129692077636719,,,,,,
-0.15482820570468903,0.17359526455402374,152.64285278320312,10.437248229980469,113.64286041259766,13.272621154785156,,,,,,
-0.15482820570468903,0.17359526455402374,152.64285278320312,10.437248229980469,121.32142639160156,13.095405578613281,,,,,,
-0.15482820570468903,0.15482820570468903,177.5833282470703,10.274833679199219,145.75,13.3184814453125,,,,,,
-0.18767055869102478,0.17359526455402374,130.2142791748047,10.781288146972656,122.71428680419922,9.772819519042969,,,,,,
-0.1595199704170227,0.17828702926635742,143.9166717529297,10.676490783691406,119.57142639160156,13.286216735839844,,,,,,
-0.15482820570468903,0.16421173512935638,147.5,10.195167541503906,126.82142639160156,13.1826171875,,,,,,
-0.15482820570468903,0.16421173512935638,147.5,10.195167541503906,145.5833282470703,12.965812683105469,,,,,,
-0.15482820570468903,0.16421173512935638,147.5,10.195167541503906,124.21428680419922,12.934593200683594,,,,,,
-0.15482820570468903,0.16421173512935638,155.75,10.562179565429688,143.8333282470703,12.956863403320312,,,,,,
-0.15482820570468903,0.16421173512935638,155.75,10.562179565429688,113.21428680419922,12.052719116210938,,,,,,
-0.14544467628002167,0.15013644099235535,188.5,10.029647827148438,134.75,12.861251831054688,,,,,,
-0.20174585282802582,0.12198586016893387,166.4166717529297,10.101043701171875,119.85713958740234,13.150863647460938,,,,,,
-0.24866348505020142,0.26273879408836365,153.85000610351562,9.050376892089844,132.3333282470703,13.065811157226562,,,,,,
-0.24866348505020142,0.26273879408836365,153.85000610351562,9.050376892089844,104.375,13.141754150390625,,,,,,
-0.18767055869102478,0.1829787939786911,130.82142639160156,10.633186340332031,99.625,13.122520446777344,,,,,,
-0.1829787939786911,0.1829787939786911,130.82142639160156,10.633186340332031,126.46428680419922,13.183670043945312,,,,,,
-0.17359526455402374,0.15013644099235535,177.0,10.167411804199219,123.14286041259766,13.3282470703125,,,,,,
-0.1829787939786911,0.18767055869102478,149.07142639160156,10.490257263183594,149.625,12.802009582519531,,,,,,
-0.1829787939786911,0.17359526455402374,121.14286041259766,10.657882690429688,149.625,12.802009582519531,,,,,,
-0.12667763233184814,0.07975998520851135,138.10714721679688,9.962760925292969,126.25,13.055099487304688,,,,,,
-0.042225874960422516,0.09852704405784607,132.2857208251953,10.776786804199219,113.8125,13.04046630859375,,,,,,
-0.13136939704418182,0.12667763233184814,139.4642791748047,10.699066162109375,138.625,13.33734130859375,,,,,,
-0.1595199704170227,0.1360611617565155,126.78571319580078,10.755455017089844,120.21428680419922,13.217445373535156,,,,,,
-0.24397172033786774,0.23458820581436157,150.2142791748047,10.049819946289062,119.5,13.068351745605469,,,,,,
-0.24866348505020142,0.1126023381948471,150.57142639160156,10.182090759277344,129.75,12.957794189453125,,,,,,
-0.10321880877017975,0.10791057348251343,157.0357208251953,10.040565490722656,144.1666717529297,12.897590637207031,,,,,,
-0.09852704405784607,0.09852704405784607,150.9642791748047,9.810455322265625,109.03571319580078,13.23883056640625,,,,,,
-0.1595199704170227,0.19705408811569214,153.75,10.388381958007812,114.07142639160156,13.185417175292969,,,,,,
-0.18767055869102478,0.20174585282802582,151.2857208251953,10.067535400390625,140.5416717529297,12.975852966308594,,,,,,
-0.21112938225269318,0.20174585282802582,151.2857208251953,10.067535400390625,109.65625,12.921035766601562,,,,,,
-0.16890349984169006,0.17359526455402374,152.67857360839844,10.327049255371094,135.4583282470703,13.349906921386719,,,,,,
-0.24866348505020142,0.17828702926635742,185.1666717529297,9.855369567871094,144.1666717529297,13.382736206054688,,,,,,
-0.2533552646636963,0.17828702926635742,135.17857360839844,10.204071044921875,151.7083282470703,13.232963562011719,,,,,,
-0.046917639672756195,0.17828702926635742,135.17857360839844,10.204071044921875,136.7916717529297,12.852561950683594,,,,,,
-0.13136939704418182,0.14075292646884918,150.57142639160156,10.427261352539062,147.4583282470703,13.302742004394531,,,,,,
-0.19236232340335846,0.18767055869102478,147.7083282470703,9.531021118164062,125.85713958740234,13.420631408691406,,,,,,
-0.09383527934551239,0.07506822049617767,144.89285278320312,10.608787536621094,130.2857208251953,13.247711181640625,,,,,,
-0.09383527934551239,0.07506822049617767,144.64285278320312,10.410400390625,108.0,13.233444213867188,,,,,,
-0.09383527934551239,0.07506822049617767,157.4166717529297,10.673545837402344,108.0,13.233444213867188,,,,,,
-0.10791057348251343,0.10791057348251343,142.75,10.691543579101562,178.0500030517578,13.06402587890625,,,,,,
-0.10321880877017975,0.20174585282802582,119.03125,10.766693115234375,129.7083282470703,13.286689758300781,,,,,,
-0.17828702926635742,0.20174585282802582,119.03125,10.766693115234375,136.0833282470703,10.170646667480469,,,,,,
-0.10321880877017975,0.09383527934551239,124.46428680419922,10.939262390136719,140.4166717529297,13.229560852050781,,,,,,
-0.1360611617565155,0.1360611617565155,144.7142791748047,10.326652526855469,145.625,13.128791809082031,,,,,,
-0.08914351463317871,0.1126023381948471,134.10714721679688,10.686729431152344,100.1875,13.020797729492188,,,,,,
-0.08445174992084503,0.12198586016893387,155.17857360839844,10.474769592285156,114.07142639160156,12.855377197265625,,,,,,
-0.16421173512935638,0.09383527934551239,146.2857208251953,10.5545654296875,129.7916717529297,13.371536254882812,,,,,,
-0.21112938225269318,0.14075292646884918,128.32142639160156,10.759361267089844,103.92857360839844,13.331642150878906,,,,,,
-0.21112938225269318,0.26743054389953613,148.5357208251953,10.481674194335938,105.8125,12.93853759765625,,,,,,
-0.03753411024808884,0.10321880877017975,131.82142639160156,10.666755676269531,114.21428680419922,13.161506652832031,,,,,,
-0.12198586016893387,0.05630116909742355,150.5,9.761787414550781,144.0833282470703,13.626304626464844,,,,,,
-0.1360611617565155,0.16421173512935638,118.6875,10.641761779785156,110.0,13.300994873046875,,,,,,
-0.26273879408836365,0.22051291167736053,175.625,10.457015991210938,124.03571319580078,13.213157653808594,,,,,,
-0.1360611617565155,0.21112938225269318,139.4583282470703,10.985183715820312,142.25,13.463104248046875,,,,,,
-0.1360611617565155,0.12667763233184814,158.5416717529297,10.749092102050781,92.3125,13.243675231933594,,,,,,
-0.19236232340335846,0.1595199704170227,123.64286041259766,10.855422973632812,124.89286041259766,13.068832397460938,,,,,,
-0.10791057348251343,0.14544467628002167,168.9583282470703,10.427543640136719,126.91666412353516,12.891563415527344,,,,,,
-0.10791057348251343,0.10321880877017975,210.0500030517578,10.168060302734375,128.32142639160156,13.429466247558594,,,,,,
-0.16421173512935638,0.10321880877017975,137.85714721679688,10.598129272460938,123.17857360839844,12.9844970703125,,,,,,
-0.10791057348251343,0.09852704405784607,137.625,10.035606384277344,130.0,12.662223815917969,,,,,,
-0.032842349261045456,0.051609404385089874,133.64285278320312,10.528877258300781,139.4583282470703,13.252784729003906,,,,,,
-0.032842349261045456,0.13136939704418182,133.35714721679688,10.660240173339844,139.4583282470703,13.252784729003906,,,,,,
-0.15482820570468903,0.17828702926635742,161.375,10.555747985839844,147.2083282470703,13.119918823242188,,,,,,
-0.21112938225269318,0.17828702926635742,153.7857208251953,10.617378234863281,141.7916717529297,13.340766906738281,,,,,,
-0.21582114696502686,0.042225874960422516,152.2916717529297,10.463912963867188,121.91666412353516,13.424018859863281,,,,,,
-0.21112938225269318,0.1829787939786911,138.4642791748047,10.609107971191406,153.9166717529297,13.262763977050781,,,,,,
-0.18767055869102478,0.1829787939786911,138.4642791748047,10.609107971191406,128.9642791748047,13.139854431152344,,,,,,
-0.18767055869102478,0.1829787939786911,138.4642791748047,10.609107971191406,128.9642791748047,13.139854431152344,,,,,,
-0.18767055869102478,0.1829787939786911,138.4642791748047,10.609107971191406,130.5833282470703,12.113372802734375,,,,,,
-0.2252046763896942,0.1829787939786911,104.71875,10.940345764160156,104.64286041259766,13.220169067382812,,,,,,
-0.21582114696502686,0.1829787939786911,179.3333282470703,10.291709899902344,149.9583282470703,10.257614135742188,,,,,,
-0.23458820581436157,0.3002728819847107,126.95833587646484,10.928993225097656,121.17857360839844,13.001304626464844,,,,,,
-0.26743054389953613,0.3002728819847107,126.95833587646484,10.928993225097656,93.19444274902344,12.925636291503906,,,,,,
-0.26743054389953613,0.3002728819847107,126.95833587646484,10.928993225097656,141.875,9.823074340820312,,,,,,
-0.1595199704170227,0.21582114696502686,127.125,10.253364562988281,128.10714721679688,13.202095031738281,,,,,,
-0.1595199704170227,0.15013644099235535,142.25,10.252357482910156,133.1666717529297,13.325088500976562,,,,,,
-0.1595199704170227,0.15013644099235535,142.25,10.252357482910156,133.1666717529297,13.325088500976562,,,,,,
-0.11729410290718079,0.15013644099235535,143.82142639160156,11.000495910644531,131.07142639160156,9.634010314941406,,,,,,
-0.12198586016893387,0.15013644099235535,143.82142639160156,11.000495910644531,143.8333282470703,12.897422790527344,,,,,,
-0.12198586016893387,0.15013644099235535,143.82142639160156,11.000495910644531,136.5,12.897666931152344,,,,,,
-0.12198586016893387,0.15013644099235535,201.0,10.72503662109375,130.4166717529297,13.306861877441406,,,,,,
-0.07975998520851135,0.15013644099235535,125.25,10.757133483886719,131.67857360839844,13.213630676269531,,,,,,
-0.16421173512935638,0.15013644099235535,150.14285278320312,10.625839233398438,119.46428680419922,12.87115478515625,,,,,,
-0.13136939704418182,0.14075292646884918,171.7083282470703,10.475326538085938,121.39286041259766,13.389434814453125,,,,,,
-0.12667763233184814,0.15013644099235535,155.2916717529297,10.611488342285156,146.7083282470703,13.508216857910156,,,,,,
-0.12198586016893387,0.18767055869102478,117.92857360839844,10.752182006835938,109.28125,10.4620361328125,,,,,,
-0.2064376175403595,0.18767055869102478,117.92857360839844,10.752182006835938,93.34375,12.951423645019531,,,,,,
-0.16421173512935638,0.19705408811569214,157.5416717529297,8.983985900878906,130.35714721679688,12.916984558105469,,,,,,
-0.2533552646636963,0.1595199704170227,149.67857360839844,10.424720764160156,145.4166717529297,12.845314025878906,,,,,,
-0.21112938225269318,0.2533552646636963,154.3333282470703,10.784172058105469,89.0,13.180427551269531,,,,,,
-0.21112938225269318,0.2955811321735382,162.7083282470703,10.445091247558594,89.0,13.180427551269531,,,,,,
-0.21112938225269318,0.046917639672756195,130.39285278320312,10.862060546875,112.25,12.812919616699219,,,,,,
-0.1829787939786911,0.18767055869102478,155.3333282470703,10.420181274414062,137.5833282470703,13.143539428710938,,,,,,
-0.1829787939786911,0.18767055869102478,87.75,11.110885620117188,137.5833282470703,13.143539428710938,,,,,,
-0.16421173512935638,0.1595199704170227,130.03125,10.738372802734375,135.9583282470703,12.7720947265625,,,,,,
-0.14075292646884918,0.13136939704418182,115.09375,10.39154052734375,124.53571319580078,12.779136657714844,,,,,,
-0.16890349984169006,0.2252046763896942,150.4583282470703,10.910011291503906,110.5,12.176544189453125,,,,,,
-0.19236232340335846,0.16890349984169006,137.57142639160156,10.371795654296875,105.8125,12.861160278320312,,,,,,
-0.16421173512935638,0.19705408811569214,131.09375,10.491714477539062,89.63888549804688,13.22979736328125,,,,,,
-0.21112938225269318,0.19236232340335846,135.0357208251953,10.545799255371094,155.625,13.190986633300781,,,,,,
-0.16890349984169006,0.1126023381948471,172.9166717529297,10.38800048828125,124.0,12.828498840332031,,,,,,
-0.11729410290718079,0.1126023381948471,172.9166717529297,10.38800048828125,152.5,9.799240112304688,,,,,,
-0.15482820570468903,0.10321880877017975,204.9499969482422,10.588241577148438,101.90625,13.159324645996094,,,,,,
-0.15482820570468903,0.10321880877017975,204.9499969482422,10.588241577148438,144.2083282470703,13.108573913574219,,,,,,
-0.14544467628002167,0.09383527934551239,138.7857208251953,10.608795166015625,138.7916717529297,12.849449157714844,,,,,,
-0.15482820570468903,0.16890349984169006,133.71875,10.411331176757812,106.35713958740234,12.987007141113281,,,,,,
-0.15482820570468903,0.16890349984169006,133.71875,10.411331176757812,104.84375,13.165138244628906,,,,,,
-0.15482820570468903,0.16890349984169006,132.42857360839844,10.509201049804688,18.25,28.77660369873047,,,,,,
-0.15482820570468903,0.16890349984169006,132.6875,10.2554931640625,18.25,28.77660369873047,,,,,,
-0.15482820570468903,0.16890349984169006,132.6875,10.2554931640625,94.6875,13.282028198242188,,,,,,
-0.11729410290718079,0.2298964411020279,116.0,11.0413818359375,147.4166717529297,13.006340026855469,,,,,,
-0.11729410290718079,0.1360611617565155,157.625,10.563522338867188,147.4166717529297,13.006340026855469,,,,,,
-0.11729410290718079,0.1360611617565155,169.75,10.353553771972656,133.92857360839844,12.960243225097656,,,,,,
-0.11729410290718079,0.1360611617565155,169.75,10.353553771972656,96.375,13.105735778808594,,,,,,
-0.12198586016893387,0.10791057348251343,136.75,10.145225524902344,121.625,13.444549560546875,,,,,,
-0.12198586016893387,0.10791057348251343,136.75,10.145225524902344,121.625,13.444549560546875,,,,,,
-0.17359526455402374,0.10791057348251343,147.60714721679688,9.850379943847656,153.0833282470703,13.433280944824219,,,,,,
-0.1595199704170227,0.10321880877017975,199.85000610351562,10.421463012695312,105.32142639160156,13.311485290527344,,,,,,
-0.07506822049617767,0.12667763233184814,156.875,10.614463806152344,155.25,13.200149536132812,,,,,,
-0.07506822049617767,0.12198586016893387,134.59375,10.0633544921875,155.25,13.200149536132812,,,,,,
-0.1829787939786911,0.16890349984169006,135.32142639160156,10.306198120117188,122.21428680419922,12.862197875976562,,,,,,
-0.11729410290718079,0.1360611617565155,176.2083282470703,10.147727966308594,183.60000610351562,13.372711181640625,,,,,,
